0 0.25755208349609376 0.7124999999999999 0.25989583349609374 0.7078703706597222 0.26328125 0.7050925928819445 0.27473958349609373 0.7143518515624999 0.27864583349609373 0.7162037039930556 0.28333333349609374 0.7148148151041667 0.28489583349609376 0.7120370373263889 0.2856770834960938 0.6972222222222223 0.28333333349609374 0.6884259262152779 0.27916666650390626 0.6625000000000001 0.27708333349609376 0.6578703706597222 0.2734375 0.6560185182291667 0.27109375 0.6513888888888889 0.27161458349609374 0.6499999999999999 0.26875 0.6495370373263889 0.26744791650390626 0.6462962960069444 0.26640625 0.6546296293402778 0.26770833349609374 0.6564814817708333 0.26770833349609374 0.6592592595486111 0.26171875 0.6694444444444445 0.26197916650390624 0.6759259262152777 0.25755208349609376 0.6912037039930555 0.24895833349609375 0.6972222222222223 0.2484375 0.6995370373263889 0.24557291650390625 0.7013888888888888 0.24036458349609374 0.7018518515625 0.24322916650390625 0.7245370373263889 0.24479166650390624 0.7273148151041666 0.24947916650390625 0.7185185182291667 0.25755208349609376 0.7124999999999999
0 0.15651041650390626 0.8777777777777778 0.15494791650390624 0.8870370373263889 0.15572916650390625 0.8944444444444445 0.15442708349609374 0.9009259262152778 0.15520833349609375 0.9041666666666666 0.16223958349609374 0.9087962960069444 0.16276041650390624 0.8717592595486111 0.175 0.8435185182291667 0.17786458349609374 0.8439814817708333 0.18072916650390625 0.8416666666666667 0.17734375 0.8300925928819445 0.16979166650390626 0.8300925928819445 0.15963541650390625 0.8337962960069444 0.15546875 0.8458333333333333 0.15390625 0.8537037039930556 0.15625 0.8620370373263889 0.15520833349609375 0.8731481484375 0.15651041650390626 0.8777777777777778
0 0.346875 0.6310185182291667 0.35 0.6287037039930555 0.3515625 0.6212962960069445 0.35338541650390626 0.6194444444444445 0.3546875 0.6083333333333333 0.35833333349609375 0.6000000000000001 0.36901041650390626 0.5986111111111111 0.37083333349609376 0.5953703706597222 0.371875 0.5879629626736111 0.36901041650390626 0.5847222222222223 0.36015625 0.5828703706597222 0.34557291650390626 0.5879629626736111 0.34348958349609376 0.5930555555555556 0.33776041650390626 0.5958333333333333 0.33776041650390626 0.6152777777777777 0.340625 0.6217592595486111 0.34166666650390626 0.6273148151041666 0.346875 0.6310185182291667
0 0.31119791650390627 0.6541666666666667 0.3140625 0.6425925928819445 0.31822916650390626 0.6361111111111111 0.31848958349609374 0.6259259262152779 0.31041666650390626 0.6111111111111112 0.30494791650390624 0.6120370373263889 0.29921875 0.6157407404513889 0.296875 0.6208333333333333 0.29817708349609373 0.6476851848958334 0.30260416650390626 0.6574074071180556 0.30703125 0.6569444444444444 0.31119791650390627 0.6541666666666667
0 0.27265625 0.8462962960069444 0.27708333349609376 0.8504629626736111 0.27916666650390626 0.8564814817708333 0.2828125 0.8606481484375 0.2846354165039062 0.8597222222222222 0.2875 0.8541666666666666 0.28802083349609375 0.8453703706597222 0.28151041650390624 0.8388888888888889 0.27942708349609374 0.8291666666666667 0.275 0.8212962960069444 0.26692708349609373 0.8171296293402778 0.26067708349609375 0.8217592595486111 0.259375 0.8254629626736111 0.259375 0.8500000000000001 0.26197916650390624 0.8476851848958333 0.26744791650390626 0.8486111111111111 0.27265625 0.8462962960069444
0 0.24921875 0.6004629626736111 0.25546875 0.6180555555555556 0.25963541650390626 0.6157407404513889 0.25625 0.5935185182291667 0.2572916665039062 0.5800925928819445 0.25572916650390626 0.5773148151041667 0.24739583349609376 0.5712962960069444 0.23697916650390624 0.5782407404513888 0.23567708349609376 0.5842592595486111 0.23802083349609374 0.5861111111111111 0.24244791650390626 0.5944444444444444 0.24921875 0.6004629626736111
0 0.28723958349609374 0.5643518515625 0.28880208349609376 0.5564814817708333 0.28880208349609376 0.5486111111111112 0.28802083349609375 0.5472222222222222 0.28203125 0.5467592595486112 0.27447916650390625 0.5518518515625 0.27421875 0.5615740737847221 0.27994791650390627 0.5652777777777778 0.28307291650390626 0.5726851848958333 0.28723958349609374 0.5643518515625
0 0.33802083349609374 0.5791666666666667 0.33072916650390627 0.5782407404513888 0.32630208349609374 0.5796296293402778 0.32447916650390624 0.5828703706597222 0.32578125 0.5912037039930556 0.32994791650390626 0.5939814817708333 0.3390625 0.5833333333333334 0.33802083349609374 0.5791666666666667
0 0.2963541665039062 0.5449074071180555 0.29583333349609375 0.5328703706597222 0.29479166650390626 0.5314814817708333 0.28697916650390626 0.5328703706597222 0.28697916650390626 0.5370370373263889 0.29010416650390625 0.5402777777777777 0.29114583349609374 0.5449074071180555 0.2963541665039062 0.5449074071180555
0 0.39869791650390624 0.6499999999999999 0.40807291650390626 0.6550925928819444 0.40911458349609375 0.6523148151041667 0.41588541650390626 0.6462962960069444 0.41692708349609375 0.6425925928819445 0.40911458349609375 0.6277777777777778 0.40416666650390626 0.6208333333333333 0.40052083349609374 0.6189814817708333 0.38541666650390627 0.6240740737847221 0.38072916650390626 0.6236111111111111 0.378125 0.6324074071180555 0.37786458349609375 0.6347222222222223 0.37890625 0.6361111111111111 0.39270833349609374 0.6398148151041667 0.39869791650390624 0.6499999999999999
0 0.38828125 0.6268518515625 0.3921875 0.6291666666666667 0.39427083349609376 0.6263888888888889 0.3950520834960938 0.6189814817708333 0.39244791650390626 0.6055555555555556 0.38854166650390626 0.6023148151041666 0.38151041650390627 0.6069444444444445 0.3794270834960938 0.6111111111111112 0.37916666650390624 0.6194444444444445 0.38098958349609374 0.6231481484375 0.38645833349609376 0.6231481484375 0.38828125 0.6268518515625
0 0.40078125 0.7421296293402777 0.40260416650390624 0.7365740737847222 0.40260416650390624 0.7319444444444445 0.39973958349609373 0.7245370373263889 0.39609375 0.7236111111111111 0.3940104165039062 0.7268518515625 0.3950520834960938 0.7351851848958333 0.39479166650390624 0.7458333333333333 0.39661458349609374 0.7486111111111111 0.40078125 0.7421296293402777
0 0.43359375 0.6976851848958333 0.4328125 0.6916666666666667 0.43046875 0.6888888888888889 0.42734375 0.6879629626736111 0.42421875 0.6916666666666667 0.42604166650390624 0.7004629626736111 0.42760416650390626 0.7023148151041667 0.43177083349609374 0.7023148151041667 0.43359375 0.6976851848958333
0 0.4369791665039062 0.7930555555555556 0.45494791650390626 0.8166666666666667 0.4546875 0.8138888888888889 0.45703125 0.8134259262152779 0.46067708349609376 0.8069444444444445 0.46015625 0.7981481484375 0.45729166650390624 0.7912037039930556 0.45182291650390627 0.7842592595486111 0.45078125 0.7796296293402778 0.4515625 0.7754629626736111 0.45104166650390626 0.7606481484375 0.4526041665039062 0.7523148151041666 0.45494791650390626 0.7481481484375 0.45390625 0.7430555555555556 0.45104166650390626 0.7379629626736111 0.44713541650390626 0.7347222222222222 0.44010416650390627 0.7324074071180555 0.4341145834960938 0.7361111111111112 0.43151041650390626 0.7398148151041667 0.42734375 0.7560185182291667 0.42578125 0.7722222222222223 0.42552083349609376 0.7842592595486111 0.42760416650390626 0.7907407404513889 0.43125 0.7935185182291666 0.4369791665039062 0.7930555555555556
0 0.43177083349609374 0.8615740737847222 0.43567708349609374 0.8574074071180555 0.43723958349609376 0.8532407404513889 0.4375 0.8435185182291667 0.43880208349609373 0.8374999999999999 0.43723958349609376 0.8324074071180555 0.43671875 0.8222222222222223 0.43333333349609376 0.8157407404513889 0.43385416650390624 0.8101851848958334 0.43177083349609374 0.8078703706597222 0.42994791650390624 0.8101851848958334 0.43072916650390625 0.8138888888888889 0.4296875 0.8185185182291667 0.43125 0.8231481484375 0.42994791650390624 0.8268518515625 0.42473958349609375 0.8319444444444444 0.41979166650390626 0.8342592595486111 0.4171875 0.8388888888888889 0.41770833349609376 0.8453703706597222 0.42265625 0.8574074071180555 0.42760416650390626 0.8615740737847222 0.43177083349609374 0.8615740737847222
0 0.4653645834960938 0.8111111111111111 0.46354166650390627 0.8143518515625 0.46614583349609373 0.8203703706597223 0.47057291650390626 0.8208333333333333 0.47395833349609373 0.8291666666666667 0.47447916650390626 0.8342592595486111 0.471875 0.8412037039930556 0.47239583349609376 0.8472222222222222 0.47447916650390626 0.8495370373263889 0.48255208349609374 0.8500000000000001 0.48515625 0.8444444444444444 0.48854166650390624 0.8416666666666667 0.48541666650390625 0.8277777777777778 0.48307291650390627 0.8254629626736111 0.48255208349609374 0.8217592595486111 0.48567708349609373 0.8166666666666667 0.5018229165039062 0.8231481484375 0.5088541665039062 0.8171296293402778 0.5096354165039062 0.8148148151041666 0.5088541665039062 0.8115740737847221 0.5111979165039062 0.8055555555555556 0.51328125 0.8074074071180556 0.5140625 0.8064814817708333 0.5143229165039063 0.7986111111111112 0.5080729165039063 0.7884259262152777 0.4984375 0.7824074071180556 0.47838541650390626 0.7412037039930556 0.47734375 0.7361111111111112 0.47265625 0.7361111111111112 0.47421875 0.7398148151041667 0.47447916650390626 0.7449074071180556 0.46640625 0.7986111111111112 0.4653645834960938 0.8111111111111111
0 0.6325520834960937 0.9004629626736111 0.6380208334960937 0.9055555555555556 0.6424479165039062 0.9041666666666666 0.6393229165039063 0.8842592595486111 0.6328125 0.8745370373263889 0.625 0.8680555555555556 0.62421875 0.8652777777777777 0.6263020834960937 0.8606481484375 0.6239583334960938 0.8532407404513889 0.6161458334960938 0.8560185182291666 0.6111979165039062 0.8615740737847222 0.6080729165039063 0.8597222222222222 0.6041666665039063 0.8606481484375 0.6010416665039062 0.8768518515625 0.6010416665039062 0.8819444444444444 0.6 0.8847222222222223 0.6036458334960938 0.8912037039930555 0.6325520834960937 0.9004629626736111
0 0.6072916665039062 0.6861111111111111 0.6208333334960937 0.6773148151041667 0.6255208334960938 0.6689814817708333 0.6255208334960938 0.6592592595486111 0.6283854165039062 0.6449074071180555 0.6307291665039062 0.6384259262152778 0.6307291665039062 0.6342592595486111 0.6276041665039063 0.6324074071180555 0.62421875 0.6333333333333333 0.6208333334960937 0.6384259262152778 0.6200520834960938 0.6421296293402778 0.6153645834960938 0.6449074071180555 0.6109375 0.6537037039930556 0.6111979165039062 0.6601851848958333 0.6083333334960938 0.6712962960069445 0.6065104165039062 0.6722222222222222 0.6036458334960938 0.6694444444444445 0.60078125 0.6694444444444445 0.5973958334960937 0.6736111111111112 0.5971354165039062 0.6777777777777777 0.6005208334960938 0.6851851848958334 0.6028645834960937 0.6865740737847221 0.6072916665039062 0.6861111111111111
0 0.5046875 0.7203703706597222 0.5057291665039062 0.7263888888888889 0.50859375 0.7291666666666666 0.5096354165039062 0.7296296293402778 0.5109375 0.7273148151041666 0.5143229165039063 0.7166666666666667 0.51484375 0.7041666666666667 0.5114583334960937 0.6925925928819444 0.5075520834960937 0.6870370373263889 0.5018229165039062 0.6851851848958334 0.4953125 0.6921296293402778 0.48671875 0.6925925928819444 0.484375 0.6981481484375 0.484375 0.7050925928819445 0.4859375 0.7083333333333334 0.49973958349609376 0.7106481484375 0.5046875 0.7203703706597222
0 0.57734375 0.7384259262152777 0.57890625 0.7324074071180555 0.5776041665039062 0.7185185182291667 0.5802083334960938 0.7148148151041667 0.5841145834960938 0.7134259262152778 0.584375 0.7050925928819445 0.5802083334960938 0.7023148151041667 0.56953125 0.7004629626736111 0.5638020834960937 0.7087962960069444 0.5635416665039062 0.7421296293402777 0.5651041665039063 0.7439814817708333 0.5716145834960937 0.7439814817708333 0.57734375 0.7384259262152777
0 0.65625 0.7361111111111112 0.6473958334960938 0.7268518515625 0.6440104165039062 0.7263888888888889 0.6427083334960938 0.7236111111111111 0.6364583334960937 0.7282407404513889 0.6361979165039062 0.7370370373263889 0.6380208334960937 0.7449074071180556 0.6424479165039062 0.7532407404513889 0.65625 0.7361111111111112
0 0.5533854165039063 0.8537037039930556 0.56015625 0.8490740737847222 0.5614583334960938 0.8453703706597222 0.5533854165039063 0.8421296293402778 0.5486979165039062 0.8421296293402778 0.5450520834960938 0.8462962960069444 0.53359375 0.8513888888888889 0.5296875 0.8560185182291666 0.5296875 0.8583333333333333 0.5330729165039062 0.8601851848958333 0.5427083334960937 0.8555555555555556 0.5533854165039063 0.8537037039930556
0 0.60703125 0.7319444444444445 0.6083333334960938 0.7287037039930556 0.60859375 0.7203703706597222 0.6072916665039062 0.7185185182291667 0.5953125 0.7166666666666667 0.5903645834960938 0.7194444444444444 0.5903645834960938 0.7236111111111111 0.5979166665039063 0.7328703706597222 0.60390625 0.7337962960069445 0.60703125 0.7319444444444445
0 0.6658854165039062 0.7439814817708333 0.6734375 0.7388888888888889 0.6763020834960938 0.7342592595486112 0.6770833334960937 0.7282407404513889 0.67265625 0.7138888888888889 0.6692708334960937 0.7111111111111111 0.6625 0.7171296293402778 0.659375 0.7175925928819444 0.6565104165039063 0.7291666666666666 0.6557291665039062 0.7361111111111112 0.6578125 0.7398148151041667 0.6619791665039062 0.7435185182291666 0.6658854165039062 0.7439814817708333
0 0.7309895834960938 0.8754629626736111 0.7354166665039062 0.8828703706597223 0.74140625 0.8884259262152778 0.7432291665039062 0.8921296293402777 0.7440104165039062 0.9018518515624999 0.7557291665039062 0.8972222222222221 0.75078125 0.8893518515625001 0.7458333334960937 0.8759259262152779 0.7440104165039062 0.8643518515625 0.74375 0.8532407404513889 0.7403645834960938 0.8421296293402778 0.7361979165039062 0.8370370373263889 0.7317708334960937 0.8374999999999999 0.7286458334960938 0.8402777777777778 0.7278645834960937 0.8416666666666667 0.7291666665039063 0.8449074071180556 0.7296875 0.8675925928819445 0.7309895834960938 0.8754629626736111
0 0.72109375 0.7254629626736111 0.7184895834960937 0.7435185182291666 0.7190104165039063 0.7476851848958334 0.7361979165039062 0.7541666666666667 0.7375 0.7481481484375 0.73984375 0.7439814817708333 0.7453125 0.7425925928819445 0.74765625 0.7513888888888889 0.7484375 0.7625 0.7518229165039062 0.7745370373263889 0.7588541665039062 0.7824074071180556 0.7606770834960938 0.7870370373263889 0.7619791665039063 0.8106481484375 0.7635416665039062 0.8180555555555555 0.7627604165039062 0.8263888888888888 0.7708333334960937 0.8287037039930555 0.7739583334960938 0.8273148151041667 0.7744791665039062 0.8259259262152778 0.7723958334960938 0.8194444444444444 0.77265625 0.8101851848958334 0.77109375 0.8046296293402777 0.7703125 0.7898148151041666 0.7723958334960938 0.7833333333333333 0.778125 0.7763888888888889 0.78046875 0.7712962960069444 0.7815104165039063 0.7550925928819444 0.7778645834960938 0.7430555555555556 0.7736979165039063 0.7347222222222222 0.7682291665039063 0.7310185182291666 0.7640625 0.7314814817708333 0.7557291665039062 0.7282407404513889 0.7518229165039062 0.7296296293402778 0.7481770834960938 0.7342592595486112 0.7463541665039063 0.7337962960069445 0.74453125 0.7254629626736111 0.7440104165039062 0.7166666666666667 0.7419270834960937 0.7129629626736111 0.73359375 0.7055555555555555 0.72578125 0.6856481484375 0.721875 0.6819444444444445 0.7166666665039062 0.6805555555555556 0.7166666665039062 0.6893518515625 0.7200520834960937 0.7087962960069444 0.7197916665039062 0.7166666666666667 0.72109375 0.7254629626736111
0 0.81328125 0.8999999999999999 0.8143229165039062 0.9050925928819444 0.8184895834960938 0.9055555555555556 0.8234375 0.8999999999999999 0.8236979165039062 0.8962962960069445 0.8221354165039062 0.8953703706597221 0.8140625 0.8805555555555555 0.8153645834960938 0.8699074071180556 0.8143229165039062 0.8574074071180555 0.809375 0.8379629626736111 0.80703125 0.8342592595486111 0.80234375 0.8342592595486111 0.7973958334960938 0.8379629626736111 0.79140625 0.8634259262152777 0.7885416665039062 0.8689814817708333 0.78828125 0.8726851848958334 0.7947916665039062 0.8819444444444444 0.80625 0.8851851848958333 0.81328125 0.8999999999999999
0 0.68515625 0.6578703706597222 0.6901041665039063 0.6560185182291667 0.7036458334960938 0.6462962960069444 0.70078125 0.6439814817708334 0.7 0.6384259262152778 0.6971354165039062 0.6351851848958333 0.6940104165039063 0.6356481484375 0.69140625 0.6384259262152778 0.67890625 0.6361111111111111 0.6760416665039063 0.6402777777777778 0.6755208334960937 0.6467592595486111 0.6765625 0.6499999999999999 0.68046875 0.6555555555555556 0.68515625 0.6578703706597222
0 0.8822916665039062 0.8356481484375 0.8799479165039062 0.8347222222222223 0.8763020834960937 0.8421296293402778 0.8768229165039062 0.8490740737847222 0.8807291665039062 0.8509259262152777 0.8825520834960937 0.8462962960069444 0.8822916665039062 0.8356481484375
0 0.725 0.6143518515625 0.7283854165039062 0.6078703706597222 0.7286458334960938 0.5976851848958333 0.7276041665039062 0.5925925928819444 0.7291666665039063 0.5870370373263889 0.7322916665039062 0.5833333333333334 0.7348958334960938 0.5638888888888889 0.7322916665039062 0.5620370373263889 0.728125 0.5634259262152779 0.7236979165039062 0.5689814817708334 0.7208333334960938 0.5814814817708334 0.7122395834960937 0.5856481484375 0.7028645834960937 0.5939814817708333 0.7041666665039062 0.6009259262152777 0.7091145834960938 0.6101851848958333 0.7166666665039062 0.6152777777777777 0.725 0.6143518515625
0 0.7403645834960938 0.5638888888888889 0.7479166665039062 0.5583333333333333 0.7557291665039062 0.5449074071180555 0.7552083334960937 0.5402777777777777 0.7489583334960938 0.5287037039930556 0.7481770834960938 0.5162037039930555 0.7463541665039063 0.5097222222222223 0.7440104165039062 0.5050925928819444 0.7401041665039062 0.5037037039930555 0.73671875 0.5421296293402778 0.7338541665039062 0.5560185182291666 0.7359375 0.5638888888888889 0.7403645834960938 0.5638888888888889
0 0.6721354165039063 0.5601851848958334 0.6739583334960938 0.5574074071180556 0.67265625 0.5439814817708333 0.66953125 0.5361111111111111 0.6635416665039062 0.5282407404513889 0.6580729165039062 0.5296296293402778 0.6526041665039063 0.5412037039930556 0.6486979165039063 0.5444444444444445 0.6484375 0.5486111111111112 0.65234375 0.5578703706597222 0.66640625 0.5629629626736111 0.6721354165039063 0.5601851848958334
0 0.8640625 0.6388888888888888 0.8651041665039062 0.6416666666666667 0.8677083334960938 0.6388888888888888 0.8708333334960937 0.6310185182291667 0.8768229165039062 0.6291666666666667 0.87578125 0.6106481484375 0.8708333334960937 0.5921296293402778 0.8708333334960937 0.5810185182291667 0.875 0.5712962960069444 0.8763020834960937 0.5606481484375 0.8734375 0.5537037039930556 0.8674479165039063 0.5504629626736111 0.8638020834960938 0.5509259262152777 0.8614583334960938 0.5537037039930556 0.8604166665039062 0.5652777777777778 0.8619791665039063 0.5726851848958333 0.8598958334960938 0.5861111111111111 0.8559895834960938 0.5976851848958333 0.8557291665039063 0.6111111111111112 0.86336796875 0.6233023151041667 0.8645833334960937 0.6289351848958333 0.8640625 0.6388888888888888
0 0.7830729165039062 0.5046296293402778 0.7947916665039062 0.5018518515625 0.7997395834960938 0.49351851822916665 0.8026041665039062 0.49166666666666664 0.8138020834960937 0.4861111111111111 0.8182291665039062 0.48750000000000004 0.81953125 0.4861111111111111 0.81875 0.4703703706597222 0.8182291665039062 0.4685185182291667 0.81484375 0.4671296293402778 0.8104166665039062 0.4708333333333333 0.8026041665039062 0.47361111111111115 0.7958333334960938 0.4791666666666667 0.7877604165039063 0.47500000000000003 0.7830729165039062 0.4643518515625 0.7799479165039063 0.46157407378472226 0.77109375 0.4703703706597222 0.7708333334960937 0.47824074045138887 0.7731770834960937 0.49027777777777776 0.77734375 0.4981481484375 0.7830729165039062 0.5046296293402778
0 0.8377604165039062 0.48379629600694446 0.83984375 0.4819444444444445 0.8403645834960938 0.4731481484375 0.8453125 0.4685185182291667 0.8533854165039062 0.4685185182291667 0.8565104165039062 0.46296296267361114 0.8567708334960937 0.45925925954861113 0.853125 0.45370370399305554 0.8427083334960938 0.44675925954861107 0.8377604165039062 0.4495370373263889 0.83515625 0.45787037065972225 0.8348958334960938 0.4689814817708333 0.83671875 0.47777777777777775 0.8364583334960938 0.4819444444444445 0.8377604165039062 0.48379629600694446
0 0.8075520834960938 0.6490740737847223 0.8125 0.6347222222222223 0.8109375 0.6291666666666667 0.8088541665039063 0.6268518515625 0.8020833334960937 0.6259259262152779 0.7984375 0.6300925928819444 0.7973958334960938 0.6379629626736111 0.7971354165039063 0.6499999999999999 0.7981770834960937 0.6541666666666667 0.8028645834960938 0.6546296293402778 0.8075520834960938 0.6490740737847223
0 0.791946875 0.4360254626736111 0.7904869790039063 0.4282421293402778 0.7903044272460937 0.42305370399305553 0.7842825522460938 0.4178648151041667 0.77862578125 0.4178648151041667 0.7671294272460938 0.41462175954861114 0.7729166665039062 0.42268518489583334 0.7696841147460938 0.4240263888888889 0.7788083334960938 0.43213379600694446 0.78209296875 0.4428356484375 0.791946875 0.4360254626736111
0 0.9575520834960938 0.25416666666666665 0.959375 0.2518518515625 0.9604166665039062 0.21990740711805556 0.9567708334960937 0.20833333333333334 0.9549479165039062 0.20694444444444446 0.9502604165039062 0.2115740737847222 0.9447916665039062 0.22037037065972223 0.9450520834960937 0.22268518489583336 0.9421875 0.23009259288194445 0.9427083334960937 0.24398148177083334 0.9466145834960937 0.25416666666666665 0.9510416665039062 0.25601851822916666 0.9575520834960938 0.25416666666666665
0 0.7911458334960938 0.23333333333333334 0.7856770834960938 0.2384259262152778 0.7807291665039062 0.24953703732638888 0.77265625 0.25555555555555554 0.77421875 0.2597222222222222 0.7815104165039063 0.2671296293402778 0.7830729165039062 0.27638888888888885 0.78671875 0.275 0.7859375 0.26851851822916667 0.7869791665039062 0.2634259262152778 0.79453125 0.2523148151041667 0.796875 0.2467592595486111 0.7986979165039062 0.24583333333333332 0.8065104165039062 0.23379629600694443 0.8119791665039062 0.22870370399305553 0.8169270834960938 0.2152777777777778 0.8221354165039062 0.2138888888888889 0.8247395834960938 0.20509259288194445 0.8255208334960937 0.19629629600694443 0.8125 0.18148148177083334 0.8026041665039062 0.18101851822916668 0.7986979165039062 0.19120370399305556 0.79296875 0.2004629626736111 0.7911458334960938 0.20879629600694444 0.7908854165039062 0.21712962934027777 0.7919270834960938 0.22407407378472222 0.7911458334960938 0.23333333333333334
0 0.71640625 0.41805555555555557 0.7348958334960938 0.4004629626736111 0.7403645834960938 0.3893518515625 0.7466145834960938 0.38055555555555554 0.7466145834960938 0.3768518515625 0.7434895834960937 0.36898148177083334 0.7424479165039063 0.3606481484375 0.7380208334960937 0.35277777777777775 0.7385416665039063 0.3490740737847222 0.7416666665039062 0.3439814817708333 0.7450520834960938 0.33425925954861113 0.74453125 0.32731481510416666 0.7401041665039062 0.31805555555555554 0.7403645834960938 0.31342592621527776 0.7388020834960938 0.3143518515625 0.7393229165039062 0.31759259288194447 0.72578125 0.33935185156250003 0.72421875 0.3467592595486111 0.7223958334960937 0.35 0.71796875 0.3726851848958333 0.71640625 0.3976851848958333 0.7127604165039062 0.4143518515625 0.7127604165039062 0.4162037039930555 0.71640625 0.41805555555555557
0 0.67265625 0.41574074045138887 0.66953125 0.4310185182291667 0.66953125 0.4351851848958333 0.6731770834960937 0.45185185156249996 0.6776041665039062 0.4550925928819444 0.6809895834960937 0.4523148151041667 0.6856770834960938 0.4523148151041667 0.6966145834960937 0.45879629600694444 0.6997395834960938 0.45787037065972225 0.7010416665039062 0.4541666666666667 0.6856770834960938 0.3870370373263889 0.6859375 0.38009259288194447 0.6854166665039062 0.37870370399305553 0.68046875 0.37870370399305553 0.6736979165039062 0.38055555555555554 0.6723958334960938 0.3842592595486111 0.6729166665039062 0.38796296267361113 0.6752604165039062 0.38981481510416666 0.6765625 0.4120370373263889 0.67265625 0.41574074045138887
0 0.6934895834960938 0.22407407378472222 0.7010416665039062 0.23518518489583334 0.7078125 0.23564814843749998 0.7140625 0.2282407404513889 0.7166666665039062 0.2152777777777778 0.7263020834960937 0.20694444444444446 0.7283854165039062 0.2018518515625 0.72890625 0.19166666666666668 0.7283854165039062 0.18888888888888888 0.7138020834960938 0.19861111111111113 0.7057291665039063 0.2018518515625 0.7020833334960938 0.2 0.6932291665039062 0.1995370373263889 0.6908854165039062 0.20277777777777778 0.6893229165039062 0.20879629600694444 0.690625 0.21250000000000002 0.690625 0.21666666666666667 0.6934895834960938 0.22407407378472222
0 0.6442708334960937 0.3958333333333333 0.64296875 0.4004629626736111 0.65078125 0.40555555555555556 0.6559895834960937 0.40370370399305555 0.6572916665039062 0.39675925954861113 0.65703125 0.38009259288194447 0.6528645834960938 0.3675925928819444 0.65625 0.34490740711805556 0.6541666665039062 0.33981481510416667 0.65 0.3402777777777778 0.6481770834960937 0.3439814817708333 0.6432291665039063 0.36944444444444446 0.6395833334960938 0.38101851822916666 0.6408854165039063 0.3912037039930556 0.6442708334960937 0.3958333333333333
0 0.6260416665039062 0.46249999999999997 0.6294270834960938 0.4550925928819444 0.6294270834960938 0.4462962960069444 0.628125 0.4393518515625 0.6231770834960938 0.43842592621527776 0.6151041665039062 0.4439814817708333 0.6111979165039062 0.4550925928819444 0.609375 0.4643518515625 0.6096354165039063 0.4703703706597222 0.6109375 0.47268518489583333 0.615625 0.47268518489583333 0.6260416665039062 0.46249999999999997
0 0.653125 0.4351851848958333 0.6510416665039063 0.41898148177083333 0.6466145834960938 0.4148148151041667 0.6424479165039062 0.4162037039930555 0.6393229165039063 0.4268518515625 0.6361979165039062 0.4300925928819444 0.6348958334960938 0.4351851848958333 0.6385416665039062 0.44120370399305553 0.6502604165039062 0.44305555555555554 0.653125 0.4351851848958333
0 0.69296875 0.33425925954861113 0.69453125 0.3296296293402778 0.6940104165039063 0.3217592595486111 0.6953125 0.3143518515625 0.6934895834960938 0.3111111111111111 0.6872395834960937 0.31157407378472224 0.6859375 0.31342592621527776 0.6856770834960938 0.31805555555555554 0.6822916665039063 0.3222222222222222 0.6822916665039063 0.32916666666666666 0.684375 0.3337962960069445 0.690625 0.3361111111111111 0.69296875 0.33425925954861113
0 0.72578125 0.24722222222222223 0.7244791665039062 0.24166666666666664 0.7197916665039062 0.23657407378472226 0.71484375 0.24259259288194443 0.7151041665039063 0.24768518489583333 0.7205729165039062 0.2569444444444444 0.7247395834960938 0.25833333333333336 0.72578125 0.24722222222222223
0 0.9083333334960938 0.15046296267361112 0.9125 0.14537037065972222 0.9158854165039062 0.14398148177083334 0.9200520834960938 0.1379629626736111 0.9205729165039063 0.1342592595486111 0.9171875 0.13333333333333333 0.9151041665039062 0.12870370399305556 0.9161458334960938 0.12268518489583334 0.9122395834960938 0.11759259288194444 0.9041666665039062 0.11666666666666667 0.9005208334960938 0.12222222222222223 0.9010416665039063 0.13472222222222222 0.9049479165039063 0.14212962934027776 0.9067708334960938 0.15000000000000002 0.9083333334960938 0.15046296267361112
0 0.86015625 0.14259259288194445 0.8596354165039063 0.13842592621527777 0.85546875 0.13379629600694443 0.8489583334960937 0.1328703706597222 0.8473958334960937 0.1351851848958333 0.8471354165039062 0.14212962934027776 0.8536458334960938 0.14768518489583332 0.8575520834960938 0.1486111111111111 0.86015625 0.14259259288194445
0 0.72734375 0.044907407118055555 0.7361979165039062 0.05046296267361111 0.7403645834960938 0.05 0.7455729165039062 0.04583333333333333 0.7502604165039063 0.03518518489583333 0.7532986977539062 0.03379629600694444 0.7596354165039062 0.03518518489583333 0.7669270834960937 0.030092592881944442 0.7755208334960938 0.03333333333333333 0.771875 0.022222222222222223 0.7713541665039062 0.013425926215277778 0.7697916665039063 0.0125 0.7260416665039062 0.009722222222222222 0.7200520834960937 0.011111111111111112 0.71953125 0.013888888888888888 0.7213541665039063 0.02824074045138889 0.7236979165039062 0.039351851562500005 0.72734375 0.044907407118055555
0 0.7315104165039062 0.07083333333333333 0.7278645834960937 0.06342592621527778 0.72421875 0.04768518489583333 0.7205729165039062 0.044444444444444446 0.7166666665039062 0.049537037326388894 0.7151041665039063 0.058333333333333334 0.7127604165039062 0.061574073784722225 0.7119791665039062 0.07268518489583334 0.7166666665039062 0.08472222222222221 0.7294270834960938 0.08379629600694444 0.7315104165039062 0.07083333333333333
0 0.7927083334960937 0.16203703732638888 0.7934895834960938 0.15833333333333333 0.7877604165039063 0.15046296267361112 0.7846354165039062 0.1486111111111111 0.7830729165039062 0.14120370399305554 0.7796875 0.13842592621527777 0.7723958334960938 0.14629629600694444 0.7703125 0.15694444444444444 0.7700520834960938 0.1643518515625 0.7713541665039062 0.16712962934027778 0.7901041665039062 0.1638888888888889 0.7927083334960937 0.16203703732638888
0 0.65625 0.23287037065972221 0.6549479165039063 0.22499999999999998 0.6533854165039062 0.2231481484375 0.6484375 0.22361111111111112 0.6463541665039062 0.22916666666666666 0.6458333334960937 0.23981481510416666 0.65 0.24305555555555555 0.6533854165039062 0.24166666666666664 0.65625 0.23287037065972221
0 0.6697916665039062 0.27731481510416667 0.6736979165039062 0.2712962960069445 0.6739583334960938 0.2638888888888889 0.6705729165039063 0.2592592595486111 0.66640625 0.25555555555555554 0.6619791665039062 0.25787037065972224 0.6619791665039062 0.26296296267361113 0.6661458334960938 0.2671296293402778 0.6671875 0.2759259262152778 0.6697916665039062 0.27731481510416667
0 0.48723958349609375 0.3055555555555556 0.49010416650390626 0.2962962960069444 0.49739583349609373 0.29768518489583334 0.5018229165039062 0.3050925928819444 0.5057291665039062 0.3078703706597222 0.51171875 0.2953703706597222 0.5078125 0.2916666666666667 0.50546875 0.2870370373263889 0.49765625 0.28009259288194444 0.49192708349609376 0.27731481510416667 0.48619791650390626 0.2657407404513889 0.48203125 0.2657407404513889 0.47760416650390625 0.26944444444444443 0.46979166650390625 0.2791666666666667 0.46848958349609376 0.2865740737847222 0.4682291665039062 0.30648148177083334 0.47057291650390626 0.31342592621527776 0.48255208349609374 0.3111111111111111 0.48723958349609375 0.3055555555555556
0 0.48828125 0.24444444444444446 0.47864583349609374 0.22916666666666666 0.47942708349609375 0.22407407378472222 0.4838541665039062 0.21666666666666667 0.48229166650390626 0.2092592595486111 0.47838541650390626 0.2092592595486111 0.47395833349609373 0.21250000000000002 0.47005208349609373 0.21620370399305555 0.46848958349609376 0.2222222222222222 0.46848958349609376 0.22731481510416668 0.47083333349609374 0.2361111111111111 0.48619791650390626 0.24768518489583333 0.48828125 0.24444444444444446
0 0.5916666665039062 0.30000000000000004 0.5940104165039063 0.2967592595486111 0.5997395834960938 0.29444444444444445 0.5994791665039062 0.2879629626736111 0.59609375 0.2842592595486111 0.5916666665039062 0.27407407378472226 0.58828125 0.2726851848958333 0.5822916665039063 0.2736111111111111 0.578125 0.27731481510416667 0.5778645834960937 0.2842592595486111 0.57890625 0.28842592621527774 0.5854166665039062 0.2916666666666667 0.5916666665039062 0.30000000000000004
0 0.6270833334960938 0.3125 0.63125 0.3101851848958333 0.6307291665039062 0.3018518515625 0.6270833334960938 0.2981481484375 0.62578125 0.29398148177083333 0.6244791665039062 0.2810185182291667 0.6190104165039062 0.28055555555555556 0.61484375 0.2865740737847222 0.6138020834960938 0.29027777777777775 0.61328125 0.2953703706597222 0.6151041665039062 0.3032407404513889 0.6239583334960938 0.31157407378472224 0.6270833334960938 0.3125
0 0.43723958349609376 0.28379629600694445 0.44010416650390627 0.28055555555555556 0.4408854165039062 0.275 0.43854166650390625 0.2671296293402778 0.43463541650390625 0.26481481510416666 0.42369791650390626 0.2712962960069445 0.41979166650390626 0.2782407404513889 0.41953125 0.2828703706597222 0.42421875 0.2870370373263889 0.43125 0.2833333333333333 0.43723958349609376 0.28379629600694445
0 0.56953125 0.2754629626736111 0.5705729165039063 0.27222222222222225 0.5684895834960938 0.26481481510416666 0.5645833334960938 0.26249999999999996 0.55546875 0.2703703706597222 0.5528645834960938 0.275 0.55546875 0.27870370399305555 0.5651041665039063 0.2782407404513889 0.56953125 0.2754629626736111
0 0.5466145834960937 0.41111111111111115 0.5450520834960938 0.40694444444444444 0.540625 0.4060185182291667 0.5380208334960938 0.4125 0.5388020834960937 0.42083333333333334 0.5424479165039062 0.4231481484375 0.5442708334960937 0.42083333333333334 0.5466145834960937 0.41111111111111115
0 0.5486979165039062 0.4342592595486111 0.54921875 0.42731481510416663 0.54765625 0.42268518489583334 0.5447916665039062 0.4199074071180556 0.5416666665039063 0.42083333333333334 0.5408854165039062 0.4287037039930556 0.5421875 0.43194444444444446 0.5442708334960937 0.43472222222222223 0.5486979165039062 0.4342592595486111
0 0.45494791650390626 0.4550925928819444 0.45833333349609373 0.45185185156249996 0.46197916650390625 0.45092592621527783 0.4625 0.44907407378472225 0.4625 0.4421296293402778 0.46067708349609376 0.4356481484375 0.45442708349609373 0.4287037039930556 0.44114583349609376 0.42916666666666664 0.43541666650390626 0.4236111111111111 0.43255208349609375 0.4282407404513889 0.43229166650390627 0.43148148177083334 0.43463541650390625 0.4388888888888889 0.44427083349609375 0.4532407404513889 0.45494791650390626 0.4550925928819444
0 0.43645833349609375 0.4824074071180556 0.44348958349609374 0.47638888888888886 0.45494791650390626 0.47453703732638886 0.45625 0.4671296293402778 0.45494791650390626 0.4541666666666667 0.44765625 0.4513888888888889 0.44166666650390624 0.4523148151041667 0.43619791650390627 0.45925925954861113 0.43515625 0.4652777777777778 0.43203125 0.4708333333333333 0.42760416650390626 0.4740740737847222 0.42265625 0.4824074071180556 0.4223958334960938 0.49351851822916665 0.42369791650390626 0.4972222222222222 0.4265625 0.4967592595486111 0.43645833349609375 0.4824074071180556
0 0.44791666650390627 0.5430555555555556 0.45104166650390626 0.5439814817708333 0.453125 0.5407407404513889 0.44947916650390624 0.5249999999999999 0.44921875 0.5189814817708334 0.45052083349609373 0.5134259262152778 0.45 0.5060185182291667 0.4486979165039062 0.5027777777777778 0.44401041650390627 0.49953703732638893 0.4390625 0.5004629626736111 0.43645833349609375 0.5023148151041666 0.43151041650390626 0.5120370373263889 0.43151041650390626 0.5138888888888888 0.43541666650390626 0.5162037039930555 0.44296875 0.5273148151041667 0.44791666650390627 0.5430555555555556
0 0.39192708349609373 0.4120370373263889 0.39739583349609375 0.4143518515625 0.3984375 0.41944444444444445 0.39765625 0.4236111111111111 0.39973958349609373 0.4268518515625 0.40416666650390626 0.4263888888888889 0.4067708334960938 0.4199074071180556 0.40703125 0.3962962960069445 0.40416666650390626 0.39351851822916667 0.39947916650390625 0.39351851822916667 0.39479166650390624 0.39722222222222225 0.3921875 0.40185185156250003 0.3872395834960938 0.4041666666666667 0.38932291650390627 0.40509259288194444 0.39192708349609373 0.4120370373263889
0 0.37630208349609373 0.42916666666666664 0.38125 0.4240740737847222 0.38203125 0.4143518515625 0.38411458349609373 0.40740740711805556 0.3921875 0.4041666666666667 0.396875 0.3995370373263889 0.39947916650390625 0.3962962960069445 0.4015625 0.3884259262152778 0.40026041650390626 0.38101851822916666 0.3921875 0.38101851822916666 0.38463541650390626 0.3870370373263889 0.38072916650390626 0.3870370373263889 0.37630208349609373 0.38287037065972224 0.36901041650390626 0.3717592595486111 0.36119791650390626 0.3731481484375 0.35911458349609376 0.3768518515625 0.35807291650390627 0.3888888888888889 0.36119791650390626 0.4060185182291667 0.36848958349609373 0.42453703732638887 0.37630208349609373 0.42916666666666664
0 0.3559895834960938 0.4662037039930556 0.3559895834960938 0.4708333333333333 0.35833333349609375 0.4708333333333333 0.36953125 0.46296296267361114 0.37734375 0.4439814817708333 0.37708333349609374 0.44166666666666665 0.37421875 0.43842592621527776 0.36536458349609374 0.4351851848958333 0.36067708349609373 0.4356481484375 0.35625 0.44027777777777777 0.35078125 0.43148148177083334 0.34557291650390626 0.4277777777777778 0.3432291665039062 0.4356481484375 0.3421875 0.4393518515625 0.35052083349609375 0.45185185156249996 0.35338541650390626 0.4643518515625 0.3559895834960938 0.4662037039930556
0 0.37291666650390626 0.3578703706597222 0.37473958349609376 0.35 0.36848958349609373 0.3375 0.36171875 0.33425925954861113 0.35338541650390626 0.3351851848958333 0.35078125 0.3453703706597222 0.3510416665039062 0.36203703732638887 0.35338541650390626 0.36712962934027776 0.36484375 0.3546296293402778 0.37291666650390626 0.3578703706597222
0 0.3375 0.3055555555555556 0.34192708349609374 0.30416666666666664 0.34557291650390626 0.3009259262152778 0.35052083349609375 0.2916666666666667 0.35390625 0.27407407378472226 0.35338541650390626 0.2726851848958333 0.34114583349609373 0.2736111111111111 0.33098958349609375 0.28564814843749997 0.32552083349609373 0.28518518489583333 0.32057291650390624 0.2888888888888889 0.3208333334960938 0.29583333333333334 0.32213541650390626 0.2990740737847222 0.33333333349609373 0.29953703732638887 0.3375 0.3055555555555556
0 0.14322916650390624 0.5032407404513889 0.14583333349609376 0.5 0.16510416650390625 0.49166666666666664 0.16953125 0.49444444444444446 0.17369791650390626 0.49444444444444446 0.17578125 0.48888888888888893 0.18177083349609374 0.48055555555555557 0.18567708349609374 0.4689814817708333 0.18958333349609374 0.4662037039930556 0.19010416650390624 0.45879629600694444 0.18020833349609375 0.4527777777777778 0.17265625 0.4532407404513889 0.165625 0.4583333333333333 0.15989583349609374 0.47361111111111115 0.15546875 0.4773148151041667 0.14296875 0.4847222222222222 0.13802083349609376 0.4819444444444445 0.13776041650390625 0.4861111111111111 0.14244791650390626 0.5134259262152778 0.14192708349609376 0.5081018515625 0.14322916650390624 0.5032407404513889
0 0.19713541650390626 0.4912037039930556 0.20130208349609374 0.49027777777777776 0.20260416650390625 0.49351851822916665 0.20442708349609376 0.49444444444444446 0.20859375 0.4930555555555556 0.21510416650390626 0.48564814843750004 0.21692708349609374 0.48055555555555557 0.21927083349609375 0.4662037039930556 0.21875 0.46157407378472226 0.21614583349609376 0.4574074071180555 0.20494791650390626 0.4546296293402778 0.18932291650390626 0.4583333333333333 0.18723958349609374 0.46388888888888885 0.1875 0.4703703706597222 0.190625 0.47453703732638886 0.19635416650390625 0.48981481510416663 0.19713541650390626 0.4912037039930556
0 0.2572916665039062 0.4912037039930556 0.26328125 0.5097222222222223 0.26744791650390626 0.5134259262152778 0.26744791650390626 0.5050925928819444 0.265625 0.49490740711805553 0.26770833349609374 0.47870370399305556 0.26666666650390625 0.4708333333333333 0.26328125 0.4662037039930556 0.25572916650390626 0.46249999999999997 0.25182291650390626 0.46157407378472226 0.24973958349609374 0.46296296267361114 0.24635416650390626 0.46759259288194444 0.24192708349609374 0.4703703706597222 0.24973958349609374 0.47638888888888886 0.2572916665039062 0.4912037039930556
0 0.29869791650390626 0.48842592621527775 0.3013020834960938 0.48055555555555557 0.30364583349609375 0.47777777777777775 0.30390625 0.4731481484375 0.29869791650390626 0.4671296293402778 0.29427083349609373 0.4671296293402778 0.29192708349609375 0.4689814817708333 0.290625 0.4754629626736111 0.29270833349609376 0.48564814843750004 0.29479166650390626 0.4879629626736111 0.29869791650390626 0.48842592621527775
0 0.22838541650390626 0.35555555555555557 0.23255208349609374 0.35601851822916664 0.23723958349609375 0.35324074045138887 0.23359375 0.3333333333333333 0.23567708349609376 0.32546296267361113 0.2359375 0.3194444444444444 0.23333333349609375 0.30694444444444446 0.23385416650390625 0.30231481510416663 0.22317708349609375 0.29398148177083333 0.215625 0.2990740737847222 0.21276041650390626 0.3037037039930556 0.21276041650390626 0.3078703706597222 0.21666666650390626 0.32037037065972224 0.22447916650390626 0.3333333333333333 0.22838541650390626 0.35555555555555557
0 0.24166666650390625 0.34305555555555556 0.24401041650390626 0.34814814843749997 0.2484375 0.34259259288194444 0.2484375 0.3356481484375 0.25104166650390625 0.3259259262152778 0.24973958349609374 0.3217592595486111 0.25286458349609375 0.31805555555555554 0.25234375 0.31157407378472224 0.253125 0.3101851848958333 0.24791666650390626 0.3032407404513889 0.24583333349609374 0.29768518489583334 0.24635416650390626 0.2828703706597222 0.24401041650390626 0.2791666666666667 0.24270833349609375 0.2842592595486111 0.23567708349609376 0.2949074071180556 0.23489583349609375 0.2986111111111111 0.23489583349609375 0.31157407378472224 0.23776041650390625 0.32083333333333336 0.24192708349609374 0.3268518515625 0.24166666650390625 0.34305555555555556
0 0.24791666650390626 0.29305555555555557 0.24869791650390624 0.2981481484375 0.25208333349609374 0.3060185182291667 0.25989583349609374 0.31157407378472224 0.26432291650390627 0.2986111111111111 0.26067708349609375 0.2967592595486111 0.25963541650390626 0.2921296293402778 0.26328125 0.2833333333333333 0.26692708349609373 0.28194444444444444 0.26875 0.2791666666666667 0.2651041665039062 0.275 0.2572916665039062 0.2731481484375 0.25364583349609376 0.2620370373263889 0.2505208334960938 0.26249999999999996 0.2484375 0.2671296293402778 0.24973958349609374 0.28009259288194444 0.24427083349609374 0.2828703706597222 0.24401041650390626 0.2879629626736111 0.24791666650390626 0.29305555555555557
0 0.26067708349609375 0.35092592621527774 0.2622395834960938 0.3495370373263889 0.26640625 0.32499999999999996 0.27916666650390626 0.3106481484375 0.2817708334960938 0.3018518515625 0.27916666650390626 0.2912037039930555 0.27317708349609376 0.2791666666666667 0.2640625 0.2745370373263889 0.25911458349609373 0.2759259262152778 0.25651041650390627 0.2986111111111111 0.25598958349609374 0.3328703706597222 0.2544270834960938 0.3458333333333333 0.25598958349609374 0.3490740737847222 0.26067708349609375 0.35092592621527774
0 0.29479166650390626 0.3120370373263889 0.29869791650390626 0.3111111111111111 0.29921875 0.3060185182291667 0.29661458349609376 0.2921296293402778 0.29765625 0.2796296293402778 0.29661458349609376 0.2731481484375 0.29479166650390626 0.26944444444444443 0.28984375 0.2652777777777778 0.2828125 0.26481481510416666 0.28125 0.26851851822916667 0.28151041650390624 0.2828703706597222 0.28984375 0.3018518515625 0.29140625 0.3078703706597222 0.29479166650390626 0.3120370373263889
0 0.29661458349609376 0.3703703706597222 0.29869791650390626 0.3680555555555556 0.29791666650390625 0.36018518489583334 0.29088541650390626 0.3472222222222222 0.2859375 0.35092592621527774 0.28385416650390627 0.35601851822916664 0.28333333349609374 0.3629629626736111 0.28619791650390625 0.3680555555555556 0.29088541650390626 0.37129629600694447 0.29661458349609376 0.3703703706597222
0 0.3375 0.375 0.34270833349609375 0.3574074071180556 0.34244791650390627 0.35324074045138887 0.33411458349609374 0.34490740711805556 0.3276041665039062 0.3453703706597222 0.32604166650390626 0.3495370373263889 0.32604166650390626 0.36944444444444446 0.32994791650390626 0.3796296293402778 0.33385416650390626 0.38009259288194447 0.3375 0.375
0 0.31432291650390626 0.27222222222222225 0.31796875 0.26944444444444443 0.31927083349609375 0.2634259262152778 0.31848958349609374 0.2569444444444444 0.31067708349609374 0.2532407404513889 0.30729166650390627 0.25601851822916666 0.30494791650390624 0.2611111111111111 0.3046875 0.2634259262152778 0.30625 0.26666666666666666 0.31015625 0.2708333333333333 0.31432291650390626 0.27222222222222225
0 0.30234375 0.22685185156249998 0.3078125 0.21620370399305555 0.3125 0.21250000000000002 0.31041666650390626 0.20092592621527777 0.2984375 0.20879629600694444 0.29505208349609374 0.21481481510416667 0.29401041650390625 0.21990740711805556 0.29375 0.2245370373263889 0.29609375 0.2282407404513889 0.29869791650390626 0.22916666666666666 0.30234375 0.22685185156249998
0 0.21276041650390626 0.15555555555555556 0.22135416650390624 0.18194444444444444 0.22421875 0.18611111111111112 0.22630208349609374 0.18518518489583335 0.22760416650390625 0.18148148177083334 0.22682291650390626 0.16898148177083333 0.22291666650390626 0.15416666666666667 0.22526041650390624 0.14583333333333334 0.225 0.1342592595486111 0.2234375 0.1268518515625 0.22057291650390626 0.12268518489583334 0.2078125 0.12129629600694443 0.19739583349609374 0.13009259288194444 0.19713541650390626 0.13472222222222222 0.2015625 0.1393518515625 0.20494791650390626 0.14722222222222223 0.21276041650390626 0.15555555555555556
0 0.30625 0.17638888888888887 0.31041666650390626 0.17638888888888887 0.31276041650390624 0.17407407378472223 0.31666666650390624 0.1657407404513889 0.31432291650390626 0.14768518489583332 0.31041666650390626 0.1388888888888889 0.30625 0.1388888888888889 0.30338541650390627 0.1527777777777778 0.29869791650390626 0.1606481484375 0.29869791650390626 0.1657407404513889 0.3002604165039062 0.16944444444444443 0.30260416650390626 0.1736111111111111 0.30625 0.17638888888888887
0 0.38515625 0.12222222222222223 0.38958333349609375 0.1157407404513889 0.39270833349609374 0.10370370399305556 0.39453125 0.10046296267361111 0.40364583349609373 0.09166666666666666 0.4018229165039062 0.07824074045138889 0.40026041650390626 0.07592592621527777 0.390625 0.08703703732638889 0.3755208334960938 0.09583333333333334 0.3705729165039062 0.1018518515625 0.36510416650390626 0.11296296267361111 0.36536458349609374 0.11759259288194444 0.36901041650390626 0.12314814843750001 0.3765625 0.1282407404513889 0.38515625 0.12222222222222223