0 0.30625 0.1111111111111111 0.3109375 0.10787037065972221 0.31744791650390625 0.10648148177083333 0.32135416650390625 0.10879629600694445 0.3236979165039062 0.10740740711805556 0.32317708349609375 0.1032407404513889 0.325 0.1 0.32526041650390625 0.09490740711805555 0.31640625 0.08472222222222221 0.31510416650390627 0.08101851822916667 0.31640625 0.07592592621527777 0.315625 0.07453703732638889 0.31145833349609375 0.07453703732638889 0.30651041650390626 0.06990740711805556 0.30234375 0.06851851822916667 0.29713541650390624 0.0763888888888889 0.29557291650390627 0.0842592595486111 0.29661458349609376 0.1032407404513889 0.29895833349609374 0.10833333333333334 0.30182291650390625 0.1111111111111111 0.30625 0.1111111111111111
0 0.21145833349609375 0.1481481484375 0.20885416650390626 0.15000000000000002 0.20729166650390626 0.15462962934027777 0.20364583349609375 0.15555555555555556 0.20182291650390624 0.15787037065972223 0.20208333349609375 0.16249999999999998 0.20390625 0.17083333333333334 0.21614583349609376 0.19166666666666668 0.23229166650390626 0.20324074045138887 0.23463541650390626 0.20092592621527777 0.23463541650390626 0.1976851848958333 0.23177083349609376 0.18842592621527776 0.23177083349609376 0.16527777777777777 0.22552083349609375 0.14351851822916667 0.22682291650390626 0.1388888888888889 0.22916666650390624 0.11666666666666667 0.22890625 0.1032407404513889 0.22838541650390626 0.0995370373263889 0.22083333349609374 0.09768518489583333 0.21848958349609374 0.0995370373263889 0.21927083349609375 0.11203703732638888 0.21692708349609374 0.12222222222222223 0.21770833349609375 0.13148148177083332 0.21145833349609375 0.1481481484375
0 0.31380208349609373 0.16018518489583333 0.32213541650390626 0.1606481484375 0.32994791650390626 0.16666666666666666 0.33125 0.16944444444444443 0.33177083349609376 0.1754629626736111 0.33359375 0.1773148151041667 0.3403645834960938 0.16944444444444443 0.34296875 0.15601851822916665 0.34114583349609373 0.14629629600694444 0.33385416650390626 0.1388888888888889 0.32421875 0.1393518515625 0.31796875 0.14537037065972222 0.30677083349609374 0.15000000000000002 0.3 0.15000000000000002 0.2984375 0.14629629600694444 0.29921875 0.15648148177083335 0.29869791650390626 0.16851851822916666 0.30286458349609374 0.16481481510416668 0.31380208349609373 0.16018518489583333
0 0.296875 0.2912037039930555 0.29947916650390627 0.2949074071180556 0.30234375 0.29583333333333334 0.3140625 0.29351851822916664 0.32265625 0.2953703706597222 0.33880208349609375 0.2870370373263889 0.34635416650390627 0.28055555555555556 0.35260416650390625 0.2597222222222222 0.35052083349609375 0.25555555555555554 0.34453125 0.2574074071180556 0.33671875 0.24953703732638888 0.32630208349609374 0.24398148177083334 0.32265625 0.2467592595486111 0.31970494775390623 0.2467592595486111 0.30963541650390625 0.23425925954861113 0.30625 0.23379629600694443 0.3002604165039062 0.24768518489583333 0.30625 0.25 0.31510416650390627 0.26296296267361113 0.29765625 0.28518518489583333 0.296875 0.2912037039930555
0 0.38463541650390626 0.1967592595486111 0.38645833349609376 0.19398148177083332 0.38697916650390624 0.18055555555555555 0.38463541650390626 0.17268518489583334 0.38020833349609373 0.17268518489583334 0.37473958349609376 0.1782407404513889 0.3734375 0.18148148177083334 0.38046875 0.18888888888888888 0.38255208349609376 0.1953703706597222 0.38463541650390626 0.1967592595486111
0 0.23098958349609375 0.2875 0.23489583349609375 0.2791666666666667 0.23385416650390625 0.2745370373263889 0.22994791650390625 0.26944444444444443 0.221875 0.27222222222222225 0.22057291650390626 0.2745370373263889 0.22083333349609374 0.2810185182291667 0.22838541650390626 0.2888888888888889 0.23098958349609375 0.2875
0 0.18880208349609376 0.30648148177083334 0.19036458349609375 0.2990740737847222 0.18958333349609374 0.28611111111111115 0.19036458349609375 0.2731481484375 0.18958333349609374 0.26666666666666666 0.18671875 0.2606481484375 0.18177083349609374 0.2569444444444444 0.17760416650390626 0.2564814817708333 0.17369791650390626 0.25833333333333336 0.16979166650390626 0.26481481510416666 0.1671875 0.2828703706597222 0.16666666650390624 0.3143518515625 0.17760416650390626 0.3125 0.18177083349609374 0.30879629600694447 0.18880208349609376 0.30648148177083334
0 0.19348958349609374 0.3504629626736111 0.19713541650390626 0.3453703706597222 0.20130208349609374 0.3337962960069445 0.20052083349609376 0.33240740711805555 0.19322916650390626 0.3236111111111111 0.18723958349609374 0.3222222222222222 0.18567708349609374 0.3199074071180556 0.18411458349609375 0.31157407378472224 0.18255208349609375 0.30972222222222223 0.1765625 0.3125 0.17760416650390626 0.3231481484375 0.18255208349609375 0.34120370399305555 0.18541666650390626 0.3472222222222222 0.19348958349609374 0.3504629626736111
0 0.23619791650390626 0.34861111111111115 0.23671875 0.34120370399305555 0.23489583349609375 0.33472222222222225 0.22838541650390626 0.33240740711805555 0.22526041650390624 0.3384259262152778 0.225 0.3458333333333333 0.22604166650390625 0.34768518489583333 0.234375 0.3472222222222222 0.23619791650390626 0.34861111111111115
0 0.25677083349609375 0.3611111111111111 0.25520833349609373 0.3592592595486111 0.25234375 0.3495370373263889 0.24791666650390626 0.34629629600694445 0.24296875 0.34768518489583333 0.24140625 0.3504629626736111 0.24140625 0.3574074071180556 0.24765625 0.36666666666666664 0.25416666650390624 0.36712962934027776 0.25677083349609375 0.3611111111111111
0 0.353125 0.38055555555555554 0.35703125 0.37916666666666665 0.36223958349609375 0.36712962934027776 0.36979166650390627 0.36481481510416663 0.3703125 0.3587962960069444 0.36875 0.3523148151041667 0.35625 0.34814814843749997 0.34557291650390626 0.35 0.3432291665039062 0.35324074045138887 0.34270833349609375 0.35694444444444445 0.34244791650390627 0.3611111111111111 0.34375 0.36712962934027776 0.34739583349609376 0.3763888888888889 0.353125 0.38055555555555554
0 0.30598958349609373 0.44351851822916666 0.31041666650390626 0.4513888888888889 0.3169270834960938 0.4310185182291667 0.31822916650390626 0.4305555555555556 0.32161458349609373 0.4236111111111111 0.32213541650390626 0.41574074045138887 0.31380208349609373 0.39351851822916667 0.30651041650390626 0.3907407404513889 0.30260416650390626 0.3912037039930556 0.3002604165039062 0.3981481484375 0.3002604165039062 0.40509259288194444 0.30286458349609374 0.41111111111111115 0.30625 0.42453703732638887 0.30598958349609373 0.44351851822916666
0 0.2921875 0.4851851848958333 0.2953125 0.4643518515625 0.29869791650390626 0.45879629600694444 0.3015625 0.44722222222222224 0.29869791650390626 0.4453703706597223 0.29453125 0.44583333333333336 0.29088541650390626 0.4504629626736111 0.2895833334960938 0.4550925928819444 0.28333333349609374 0.46481481510416667 0.28125 0.4773148151041667 0.28098958349609376 0.4824074071180556 0.28307291650390626 0.48657407378472217 0.28697916650390626 0.4879629626736111 0.2921875 0.4851851848958333
0 0.30651041650390626 0.4870370373263889 0.30651041650390626 0.47777777777777775 0.29817708349609373 0.4773148151041667 0.2924479165039062 0.4847222222222222 0.2934895834960938 0.49027777777777776 0.29869791650390626 0.49259259288194446 0.3046875 0.4870370373263889 0.30651041650390626 0.4870370373263889
0 0.24088541650390624 0.5018518515625 0.24375 0.5041666666666667 0.24791666650390626 0.5037037039930555 0.25208333349609374 0.4981481484375 0.25260416650390627 0.48888888888888893 0.25182291650390626 0.4842592595486111 0.24765625 0.47592592621527774 0.23619791650390626 0.4685185182291667 0.2328125 0.47592592621527774 0.23307291650390624 0.4824074071180556 0.23541666650390625 0.48564814843750004 0.23828125 0.4981481484375 0.24088541650390624 0.5018518515625
0 0.23255208349609374 0.5194444444444444 0.23645833349609374 0.5097222222222223 0.23619791650390626 0.49768518489583335 0.23385416650390625 0.49351851822916665 0.23046875 0.4939814817708334 0.2234375 0.5097222222222223 0.22291666650390626 0.5143518515625 0.22395833349609376 0.5180555555555555 0.22838541650390626 0.5217592595486111 0.23255208349609374 0.5194444444444444
0 0.20651041650390625 0.5467592595486112 0.2125 0.5467592595486112 0.21770833349609375 0.5375000000000001 0.2171875 0.5291666666666667 0.21223958349609376 0.5208333333333334 0.20703125 0.5157407404513888 0.20104166650390626 0.5152777777777778 0.196875 0.5199074071180555 0.19713541650390626 0.5277777777777778 0.2015625 0.5310185182291667 0.20364583349609375 0.5416666666666666 0.20651041650390625 0.5467592595486112
0 0.22864583349609374 0.5606481484375 0.22838541650390626 0.5527777777777777 0.22630208349609374 0.5453703706597222 0.22005208349609376 0.5449074071180555 0.21484375 0.5481481484375 0.21458333349609374 0.5601851848958334 0.21666666650390626 0.5685185182291667 0.221875 0.5680555555555555 0.22864583349609374 0.5606481484375
0 0.2856770834960938 0.5490740737847222 0.28515625 0.5365740737847222 0.28333333349609374 0.5337962960069444 0.26744791650390626 0.5351851848958333 0.2640625 0.5481481484375 0.26354166650390626 0.5574074071180556 0.26666666650390625 0.5671296293402778 0.27473958349609373 0.5685185182291667 0.2856770834960938 0.5490740737847222
0 0.30260416650390626 0.5564814817708333 0.30546875 0.5495370373263889 0.3171875 0.5365740737847222 0.31432291650390626 0.5282407404513889 0.31041666650390626 0.5254629626736111 0.30677083349609374 0.5347222222222222 0.30234375 0.5375000000000001 0.29791666650390625 0.5365740737847222 0.29296875 0.5384259262152777 0.28671875 0.5458333333333333 0.28411458349609375 0.5467592595486112 0.28333333349609374 0.5490740737847222 0.28307291650390626 0.5527777777777777 0.29036458349609373 0.5601851848958334 0.29791666650390625 0.5620370373263889 0.30260416650390626 0.5564814817708333
0 0.36041666650390625 0.48564814843750004 0.36354166650390624 0.48564814843750004 0.36640625 0.4879629626736111 0.36744791650390624 0.4930555555555556 0.3703125 0.4981481484375 0.37291666650390626 0.5 0.37526041650390624 0.4967592595486111 0.37578125 0.49027777777777776 0.3705729165039062 0.47592592621527774 0.36822916650390625 0.45879629600694444 0.36067708349609373 0.4550925928819444 0.35338541650390626 0.4601851848958333 0.34973958349609374 0.4685185182291667 0.34765625 0.47777777777777775 0.34739583349609376 0.4824074071180556 0.35338541650390626 0.4930555555555556 0.35729166650390626 0.49351851822916665 0.36041666650390625 0.48564814843750004
0 0.38125 0.47268518489583333 0.38098958349609374 0.4824074071180556 0.37734375 0.49351851822916665 0.37734375 0.5101851848958333 0.38541666650390627 0.5134259262152778 0.38776041650390625 0.49351851822916665 0.38958333349609375 0.48564814843750004 0.39244791650390626 0.4814814817708333 0.39479166650390624 0.47175925954861114 0.3950520834960938 0.4601851848958333 0.39296875 0.44861111111111107 0.390625 0.4453703706597223 0.38541666650390627 0.4444444444444444 0.37760416650390627 0.44861111111111107 0.37630208349609373 0.4532407404513889 0.37630208349609373 0.45879629600694444 0.37994791650390625 0.46296296267361114 0.38125 0.47268518489583333
0 0.20390625 0.6356481484375 0.20598958349609375 0.6328703706597223 0.20833333349609376 0.6125 0.20494791650390626 0.6032407404513889 0.19713541650390626 0.6055555555555556 0.19427083349609375 0.6092592595486112 0.19270833349609376 0.6138888888888889 0.19296875 0.6259259262152779 0.19557291650390626 0.6328703706597223 0.20052083349609376 0.6361111111111111 0.20390625 0.6356481484375
0 0.21744791650390624 0.6768518515625 0.21901041650390626 0.6703703706597222 0.21927083349609375 0.6620370373263889 0.21796875 0.6550925928819444 0.21380208349609375 0.6462962960069444 0.20494791650390626 0.6458333333333334 0.20572916650390624 0.6499999999999999 0.20208333349609375 0.6560185182291667 0.20234375 0.6657407404513889 0.20703125 0.6763888888888889 0.21119791650390626 0.6787037039930556 0.21744791650390624 0.6768518515625
0 0.22447916650390626 0.6703703706597222 0.23098958349609375 0.675 0.23229166650390626 0.6796296293402777 0.23619791650390626 0.6736111111111112 0.23567708349609376 0.6643518515625 0.2375 0.6583333333333333 0.23411458349609374 0.6467592595486111 0.23515625 0.6425925928819445 0.23489583349609375 0.6379629626736111 0.23958333349609376 0.625 0.23984375 0.6185185182291666 0.23802083349609374 0.6129629626736111 0.23802083349609374 0.6069444444444445 0.23072916650390626 0.5972222222222222 0.22265625 0.5976851848958333 0.21901041650390626 0.6000000000000001 0.21588541650390625 0.6055555555555556 0.21354166650390624 0.6157407404513889 0.21328125 0.6245370373263889 0.21875 0.6541666666666667 0.22317708349609375 0.6638888888888889 0.22447916650390626 0.6703703706597222
0 0.23229166650390626 0.6768518515625 0.23619791650390626 0.6759259262152777 0.23776041650390625 0.6685185182291666 0.24010416650390626 0.6657407404513889 0.24583333349609374 0.6458333333333334 0.24817708349609374 0.6425925928819445 0.25182291650390626 0.6412037039930555 0.26041666650390627 0.6268518515625 0.25859375 0.6231481484375 0.24791666650390626 0.6152777777777777 0.24583333349609374 0.6166666666666667 0.23828125 0.6263888888888889 0.23515625 0.6379629626736111 0.23567708349609376 0.6453703706597222 0.23359375 0.6537037039930556 0.234375 0.6569444444444444 0.23385416650390625 0.6699074071180555 0.23177083349609376 0.6736111111111112 0.23229166650390626 0.6768518515625
0 0.25182291650390626 0.7958333333333333 0.25911458349609373 0.7953703706597222 0.26197916650390624 0.7916666666666666 0.28489583349609376 0.7398148151041667 0.28489583349609376 0.7361111111111112 0.28307291650390626 0.7342592595486112 0.2765625 0.7333333333333333 0.27135416650390626 0.7296296293402778 0.2671875 0.7291666666666666 0.26015625 0.7319444444444445 0.25520833349609373 0.7597222222222223 0.25598958349609374 0.7657407404513888 0.25520833349609373 0.7856481484375001 0.25182291650390626 0.7935185182291666 0.25182291650390626 0.7958333333333333
0 0.33411458349609374 0.8194444444444444 0.34557291650390626 0.8115740737847221 0.34947916650390626 0.8041666666666667 0.35338541650390626 0.8 0.35546875 0.7930555555555556 0.36119791650390626 0.7828703706597222 0.36119791650390626 0.7754629626736111 0.35729166650390626 0.7740740737847223 0.3276041665039062 0.7870370373263889 0.32604166650390626 0.7861111111111111 0.30494791650390624 0.7944444444444445 0.30104166650390624 0.7967592595486112 0.29973958349609375 0.8004629626736111 0.29973958349609375 0.8111111111111111 0.30234375 0.8148148151041666 0.32109375 0.8138888888888889 0.33411458349609374 0.8194444444444444
0 0.34895833349609373 0.7138888888888889 0.35026041650390627 0.7129629626736111 0.35078125 0.7069444444444444 0.34557291650390626 0.6884259262152779 0.34166666650390626 0.6819444444444445 0.33567708349609376 0.6851851848958334 0.33385416650390626 0.6888888888888889 0.33385416650390626 0.6939814817708334 0.3393229165039062 0.6976851848958333 0.34739583349609376 0.7120370373263889 0.34895833349609373 0.7138888888888889
0 0.3484375 0.6425925928819445 0.34947916650390626 0.6439814817708334 0.35859375 0.6402777777777778 0.36197916650390627 0.6356481484375 0.36614583349609375 0.6231481484375 0.37083333349609376 0.6171296293402777 0.37213541650390625 0.6111111111111112 0.37473958349609376 0.6074074071180555 0.37734375 0.5916666666666667 0.37369791650390627 0.5856481484375 0.36901041650390626 0.5824074071180555 0.36458333349609373 0.5856481484375 0.36119791650390626 0.5907407404513889 0.35729166650390626 0.5902777777777778 0.35625 0.5953703706597222 0.34947916650390626 0.6050925928819445 0.34609375 0.6171296293402777 0.34479166650390625 0.6226851848958334 0.3471354165039062 0.6259259262152779 0.34791666650390624 0.6300925928819444 0.3484375 0.6425925928819445
0 0.36302083349609376 0.6305555555555555 0.3640625 0.6226851848958334 0.37291666650390626 0.6217592595486111 0.38255208349609376 0.6175925928819445 0.39088541650390624 0.6078703706597222 0.39713541650390627 0.5967592595486111 0.39973958349609373 0.5949074071180556 0.4046875 0.5870370373263889 0.40416666650390626 0.5851851848958334 0.40104166650390627 0.5865740737847223 0.39270833349609374 0.5856481484375 0.38463541650390626 0.5782407404513888 0.37890625 0.5824074071180555 0.37734375 0.5837962960069444 0.37395833349609375 0.5925925928819444 0.36901041650390626 0.5981481484375001 0.36640625 0.6060185182291666 0.36041666650390625 0.6120370373263889 0.36015625 0.6157407404513889 0.36171875 0.6203703706597222 0.3578125 0.6263888888888889 0.35911458349609376 0.6319444444444444 0.35729166650390626 0.6347222222222223 0.36119791650390626 0.6342592595486111 0.36302083349609376 0.6305555555555555
0 0.39140625 0.5504629626736111 0.39192708349609373 0.5449074071180555 0.39088541650390624 0.5439814817708333 0.38463541650390626 0.5435185182291666 0.38046875 0.5476851848958333 0.38020833349609373 0.5564814817708333 0.38411458349609373 0.5652777777777778 0.39244791650390626 0.5532407404513889 0.39140625 0.5504629626736111
0 0.38411458349609373 0.5773148151041667 0.38411458349609373 0.5689814817708334 0.3822916665039062 0.5634259262152779 0.37682291650390626 0.5625 0.37421875 0.5675925928819444 0.37083333349609376 0.5759259262152778 0.37213541650390625 0.5805555555555555 0.37682291650390626 0.5837962960069444 0.38411458349609373 0.5773148151041667
0 0.5955729165039062 0.05092592621527778 0.6049479165039062 0.04583333333333333 0.6106770834960937 0.036111111111111115 0.6190104165039062 0.036111111111111115 0.62734375 0.02546296267361111 0.6286458334960937 0.02175925954861111 0.62734375 0.015740740451388888 0.6231770834960938 0.012962962673611111 0.6011817709960937 0.015277777777777779 0.5705729165039063 0.014351851562499999 0.5682291665039062 0.016203703993055554 0.56875 0.018981481770833333 0.57734375 0.02962962934027778 0.5830729165039062 0.044907407118055555 0.5955729165039062 0.05092592621527778
0 0.525 0.06388888888888888 0.534375 0.07962962934027779 0.5348958334960937 0.08379629600694444 0.5322916665039062 0.0893518515625 0.5309895834960937 0.0995370373263889 0.5291666665039062 0.10370370399305556 0.5286458334960937 0.1111111111111111 0.5325520834960937 0.125 0.5408854165039062 0.13055555555555556 0.5489583334960938 0.11759259288194444 0.55234375 0.10648148177083333 0.5533854165039063 0.09768518489583333 0.55234375 0.0856481484375 0.5486979165039062 0.07592592621527777 0.54453125 0.0731481484375 0.5372395834960938 0.05740740711805555 0.5322916665039062 0.05 0.5294270834960938 0.041666666666666664 0.5291666665039062 0.036111111111111115 0.5244791665039062 0.03657407378472222 0.5223958334960938 0.04074074045138889 0.5223958334960938 0.04537037065972222 0.5169270834960937 0.049537037326388894 0.5169270834960937 0.05277777777777778 0.5213541665039062 0.05370370399305555 0.5239583334960938 0.05879629600694444 0.525 0.06388888888888888
0 0.5263020834960938 0.12037037065972221 0.5268229165039062 0.1111111111111111 0.5252604165039062 0.10787037065972221 0.5216145834960938 0.10555555555555556 0.5138020834960938 0.10787037065972221 0.5122395834960938 0.1157407404513889 0.5096354165039062 0.11851851822916666 0.5088541665039062 0.12222222222222223 0.5083333334960938 0.12731481510416665 0.5098958334960938 0.13240740711805554 0.5190104165039062 0.13379629600694443 0.5263020834960938 0.12037037065972221
0 0.48697916650390627 0.17407407378472223 0.48697916650390627 0.16527777777777777 0.4838541665039062 0.15555555555555556 0.47838541650390626 0.15416666666666667 0.47552083349609375 0.1606481484375 0.47421875 0.1657407404513889 0.475 0.17129629600694446 0.4859375 0.1754629626736111 0.48697916650390627 0.17407407378472223
0 0.4875 0.1976851848958333 0.49401041650390626 0.1953703706597222 0.49505208349609375 0.1856481484375 0.49401041650390626 0.17777777777777778 0.4859375 0.175 0.48359375 0.17222222222222222 0.4809895834960938 0.1731481484375 0.47239583349609376 0.2092592595486111 0.4721354165039062 0.21666666666666667 0.4765625 0.21898148177083335 0.4809895834960938 0.21805555555555556 0.4875 0.1976851848958333
0 0.51015625 0.1995370373263889 0.5177083334960938 0.1875 0.51796875 0.18148148177083334 0.5158854165039063 0.17037037065972224 0.5135416665039062 0.16712962934027778 0.5096354165039062 0.1643518515625 0.50625 0.1657407404513889 0.5026041665039063 0.17222222222222222 0.5015625 0.1773148151041667 0.49921875 0.18148148177083334 0.5057291665039062 0.20231481510416666 0.51015625 0.1995370373263889
0 0.43619791650390627 0.26944444444444443 0.43932291650390626 0.2777777777777778 0.44375 0.2791666666666667 0.446875 0.27638888888888885 0.45026041650390625 0.2675925928819444 0.44270833349609373 0.2569444444444444 0.440625 0.24953703732638888 0.43567708349609374 0.2421296293402778 0.43098958349609373 0.24120370399305557 0.42760416650390626 0.24444444444444446 0.42578125 0.24907407378472224 0.4252604165039062 0.25509259288194447 0.4265625 0.2606481484375 0.43515625 0.26296296267361113 0.43619791650390627 0.26944444444444443
0 0.43489583349609373 0.2643518515625 0.43645833349609375 0.2712962960069445 0.4390625 0.27638888888888885 0.44270833349609373 0.2791666666666667 0.44791666650390627 0.2791666666666667 0.45338541650390624 0.28379629600694445 0.45729166650390624 0.29398148177083333 0.45677083349609376 0.3037037039930556 0.45859375 0.30740740711805553 0.4671875 0.2981481484375 0.46770833349609375 0.29444444444444445 0.45963541650390627 0.26990740711805555 0.45833333349609373 0.2611111111111111 0.45885416650390626 0.24768518489583333 0.45208333349609375 0.23379629600694443 0.44609375 0.2296296293402778 0.44635416650390625 0.22037037065972223 0.44557291650390624 0.21851851822916665 0.44322916650390626 0.21712962934027777 0.4419270834960938 0.21898148177083335 0.44114583349609376 0.2282407404513889 0.4380208334960938 0.23425925954861113 0.42734375 0.24074074045138888 0.42552083349609376 0.24629629600694447 0.42369791650390626 0.2662037039930556 0.42760416650390626 0.2652777777777778 0.43072916650390625 0.2620370373263889 0.43489583349609373 0.2643518515625
0 0.6354166665039063 0.14305555555555557 0.6432291665039063 0.14027777777777778 0.6463541665039062 0.14305555555555557 0.6653645834960937 0.13379629600694443 0.6677083334960937 0.12731481510416665 0.6671875 0.1106481484375 0.6658854165039062 0.10694444444444445 0.6645833334960938 0.10648148177083333 0.6619791665039062 0.10601851822916666 0.6578125 0.10833333333333334 0.6473958334960938 0.12314814843750001 0.6450520834960938 0.12314814843750001 0.64453125 0.12083333333333332 0.6424479165039062 0.11990740711805555 0.6393229165039063 0.13055555555555556 0.633203125 0.1356481484375 0.6268229165039062 0.13611111111111113 0.6265625 0.13842592621527777 0.6291666665039063 0.1388888888888889 0.6307291665039062 0.14212962934027776 0.6354166665039063 0.14305555555555557
0 0.6411458334960938 0.20509259288194445 0.64375 0.21666666666666667 0.6442708334960937 0.24027777777777778 0.6455729165039062 0.24166666666666664 0.65 0.24120370399305557 0.67109375 0.21620370399305555 0.6713541665039062 0.20509259288194445 0.66953125 0.18842592621527776 0.66953125 0.1768518515625 0.6651041665039062 0.16898148177083333 0.6622395834960938 0.1606481484375 0.65625 0.15462962934027777 0.65234375 0.14629629600694444 0.6427083334960938 0.14120370399305554 0.6346354165039062 0.13981481510416666 0.6322916665039062 0.14166666666666666 0.6364583334960937 0.16249999999999998 0.6361979165039062 0.17777777777777778 0.6395833334960938 0.19120370399305556 0.6411458334960938 0.20509259288194445
0 0.6234375 0.2921296293402778 0.6265625 0.2791666666666667 0.6234375 0.27407407378472226 0.6197916665039063 0.2726851848958333 0.6190104165039062 0.2708333333333333 0.6145833334960937 0.275 0.61328125 0.2791666666666667 0.6169270834960937 0.29027777777777775 0.6190104165039062 0.29305555555555557 0.6234375 0.2921296293402778
0 0.46484375 0.4620370373263889 0.46614583349609373 0.46481481510416667 0.47265625 0.49074074045138893 0.47630208349609376 0.4990740737847222 0.47838541650390626 0.5004629626736111 0.48333333349609375 0.49768518489583335 0.4770833334960938 0.47777777777777775 0.4760416665039062 0.45972222222222225 0.47057291650390626 0.4444444444444444 0.46666666650390626 0.4439814817708333 0.45807291650390625 0.4546296293402778 0.4565104165039062 0.45879629600694444 0.45885416650390626 0.46064814843749996 0.4614583334960938 0.45972222222222225 0.46484375 0.4620370373263889
0 0.5184895834960938 0.4444444444444444 0.5182291665039063 0.45092592621527783 0.51953125 0.4550925928819444 0.5216145834960938 0.45648148177083336 0.5260416665039063 0.4550925928819444 0.53671875 0.4388888888888889 0.5421875 0.4148148151041667 0.5411458334960938 0.4115740737847222 0.5354166665039063 0.4125 0.52890625 0.4097222222222222 0.5236979165039063 0.41111111111111115 0.51796875 0.41851851822916664 0.5166666665039062 0.41805555555555557 0.5122395834960938 0.4129629626736111 0.51015625 0.40370370399305555 0.5057291665039062 0.39675925954861113 0.5026041665039063 0.4041666666666667 0.50078125 0.41805555555555557 0.5005208334960938 0.4236111111111111 0.5018229165039062 0.4263888888888889 0.5153645834960937 0.4356481484375 0.5184895834960938 0.4444444444444444
0 0.5955729165039062 0.4263888888888889 0.60234375 0.4212962960069444 0.60390625 0.4115740737847222 0.6026041665039062 0.40370370399305555 0.5984375 0.39351851822916667 0.596875 0.38518518489583337 0.5966145834960938 0.3736111111111111 0.5979166665039063 0.36481481510416663 0.5934895834960937 0.3574074071180556 0.5877604165039062 0.35694444444444445 0.5880208334960938 0.36203703732638887 0.5846354165039063 0.3726851848958333 0.58203125 0.3976851848958333 0.58671875 0.4171296293402778 0.59140625 0.4240740737847222 0.5955729165039062 0.4263888888888889
0 0.6072916665039062 0.4203703706597222 0.61328125 0.4115740737847222 0.61875 0.40740740711805556 0.6208333334960937 0.40370370399305555 0.6229166665039062 0.3953703706597222 0.6229166665039062 0.3824074071180556 0.6182291665039062 0.38055555555555554 0.6125 0.3884259262152778 0.61015625 0.39675925954861113 0.6026041665039062 0.4078703706597222 0.6018229165039063 0.4166666666666667 0.6028645834960937 0.4203703706597222 0.60546875 0.42083333333333334 0.6072916665039062 0.4203703706597222
0 0.5799479165039062 0.45787037065972225 0.58203125 0.4550925928819444 0.5799479165039062 0.44490740711805554 0.5755208334960937 0.4453703706597223 0.5721354165039062 0.44259259288194447 0.56953125 0.44722222222222224 0.56953125 0.45092592621527783 0.5721354165039062 0.4555555555555555 0.5799479165039062 0.45787037065972225
0 0.5981770834960938 0.4824074071180556 0.5997395834960938 0.47870370399305556 0.5989583334960937 0.47175925954861114 0.5911458334960937 0.46990740711805556 0.5888020834960938 0.4731481484375 0.58984375 0.4791666666666667 0.5927083334960938 0.4828703706597222 0.59609375 0.48379629600694446 0.5981770834960938 0.4824074071180556
0 0.6372395834960938 0.4800925928819445 0.6395833334960938 0.4708333333333333 0.6390625 0.4694444444444444 0.6309895834960938 0.4634259262152778 0.62734375 0.4662037039930556 0.6276041665039063 0.47361111111111115 0.6302083334960937 0.4824074071180556 0.6348958334960938 0.4828703706597222 0.6372395834960938 0.4800925928819445
0 0.6380208334960937 0.5782407404513888 0.64453125 0.5726851848958333 0.6489583334960938 0.5638888888888889 0.65078125 0.5532407404513889 0.6502604165039062 0.5467592595486112 0.6393229165039063 0.5300925928819444 0.6348958334960938 0.5189814817708334 0.6307291665039062 0.5143518515625 0.6252604165039063 0.5129629626736111 0.6221354165039062 0.5083333333333333 0.6182291665039062 0.5129629626736111 0.61640625 0.5180555555555555 0.6166666665039062 0.5467592595486112 0.6229166665039062 0.5777777777777778 0.6265625 0.5800925928819445 0.6380208334960937 0.5782407404513888
0 0.5734375 0.5837962960069444 0.57578125 0.5731481484375 0.5700520834960937 0.5560185182291666 0.5682291665039062 0.5365740737847222 0.5638020834960937 0.5356481484375001 0.5611979165039063 0.5416666666666666 0.5611979165039063 0.5717592595486111 0.5630208334960938 0.5805555555555555 0.5682291665039062 0.5865740737847223 0.5734375 0.5837962960069444
0 0.5697916665039062 0.6499999999999999 0.5760416665039062 0.6587962960069444 0.5799479165039062 0.6546296293402778 0.5802083334960938 0.6425925928819445 0.57578125 0.6300925928819444 0.5661458334960937 0.6226851848958334 0.5643229165039062 0.6189814817708333 0.5604166665039062 0.6175925928819445 0.55859375 0.6212962960069445 0.5557291665039062 0.6305555555555555 0.5565104165039062 0.6319444444444444 0.5653645834960938 0.6398148151041667 0.5697916665039062 0.6499999999999999
0 0.46666666650390626 0.6240740737847221 0.47057291650390626 0.6245370373263889 0.47161458349609375 0.6226851848958334 0.471875 0.6189814817708333 0.46901041650390624 0.6162037039930556 0.46666666650390626 0.6092592595486112 0.46796875 0.5944444444444444 0.46328125 0.5712962960069444 0.46744791650390627 0.5453703706597222 0.46666666650390626 0.5356481484375001 0.45859375 0.5333333333333333 0.45729166650390624 0.5370370373263889 0.4565104165039062 0.5569444444444445 0.45182291650390627 0.5717592595486111 0.44505208349609376 0.5805555555555555 0.4447916665039062 0.5888888888888889 0.44713541650390626 0.5995370373263889 0.45416666650390625 0.6125 0.46666666650390626 0.6240740737847221
0 0.5278645834960938 0.6027777777777777 0.5276041665039063 0.5962962960069444 0.5252604165039062 0.5879629626736111 0.5216145834960938 0.5800925928819445 0.5177083334960938 0.5754629626736111 0.51484375 0.5759259262152778 0.5140625 0.5777777777777778 0.51484375 0.6074074071180555 0.5200520834960938 0.6106481484375 0.5252604165039062 0.6087962960069445 0.5278645834960938 0.6027777777777777
0 0.5111979165039062 0.6273148151041666 0.5122395834960938 0.6226851848958334 0.5083333334960938 0.6055555555555556 0.5065104165039063 0.6018518515625 0.5020833334960938 0.5990740737847222 0.5005208334960938 0.6041666666666666 0.49973958349609376 0.6111111111111112 0.5026041665039063 0.625 0.5088541665039062 0.6287037039930555 0.5111979165039062 0.6273148151041666
0 0.48619791650390626 0.6810185182291666 0.49114583349609375 0.6745370373263889 0.4953125 0.6643518515625 0.5 0.6578703706597222 0.5013020834960937 0.6499999999999999 0.49791666650390626 0.6416666666666667 0.49453125 0.6388888888888888 0.48177083349609373 0.6407407404513888 0.48020833349609376 0.6430555555555555 0.47682291650390624 0.6564814817708333 0.47682291650390624 0.6657407404513889 0.48046875 0.6731481484375 0.48229166650390626 0.6814814817708333 0.48619791650390626 0.6810185182291666
0 0.43854166650390625 0.8490740737847222 0.45130208349609374 0.8393518515624999 0.45989583349609375 0.8481481484375001 0.46276041650390626 0.8592592595486112 0.47057291650390626 0.8597222222222222 0.47369791650390625 0.8532407404513889 0.47447916650390626 0.8449074071180556 0.47239583349609376 0.8425925928819444 0.47057291650390626 0.8319444444444444 0.4614583334960938 0.8310185182291667 0.45963541650390627 0.8277777777777778 0.45885416650390626 0.8222222222222223 0.45546875 0.8180555555555555 0.45234375 0.8189814817708334 0.44557291650390624 0.8101851848958334 0.4419270834960938 0.8092592595486111 0.43880208349609373 0.8106481484375 0.43385416650390624 0.8240740737847223 0.4330729165039062 0.8287037039930555 0.43385416650390624 0.8384259262152778 0.43619791650390627 0.8458333333333333 0.43854166650390625 0.8490740737847222
0 0.48932291650390625 0.8351851848958334 0.4890625 0.8324074071180555 0.4859375 0.8291666666666667 0.48151041650390625 0.8291666666666667 0.478125 0.8328703706597222 0.47838541650390626 0.8416666666666667 0.48203125 0.8458333333333333 0.48619791650390626 0.8444444444444444 0.48932291650390625 0.8351851848958334
0 0.5565104165039062 0.9115740737847222 0.5591145834960938 0.8986111111111111 0.5619791665039062 0.8967592595486111 0.58359375 0.8875 0.5895833334960937 0.8888888888888888 0.5916666665039062 0.8939814817708334 0.5932291665039062 0.8800925928819444 0.5963541665039063 0.8736111111111111 0.5955729165039062 0.8578703706597222 0.5877604165039062 0.8370370373263889 0.5838541665039062 0.8402777777777778 0.58203125 0.8458333333333333 0.5744791665039063 0.8574074071180555 0.5684895834960938 0.8611111111111112 0.5692708334960938 0.8680555555555556 0.5658854165039062 0.8754629626736111 0.5546875 0.8833333333333333 0.5541666665039062 0.8851851848958333 0.5557291665039062 0.8925925928819445 0.5546875 0.9083333333333334 0.5565104165039062 0.9115740737847222
0 0.5997395834960938 0.7981481484375 0.6036458334960938 0.7986111111111112 0.6057291665039063 0.7967592595486112 0.6067708334960937 0.7949074071180555 0.6067708334960937 0.7907407404513889 0.59921875 0.7759259262152778 0.5903645834960938 0.7467592595486111 0.5877604165039062 0.7324074071180555 0.584375 0.7347222222222222 0.5825520834960938 0.7416666666666667 0.58203125 0.7518518515625 0.5846354165039063 0.7648148151041667 0.59453125 0.7824074071180556 0.5997395834960938 0.7981481484375
0 0.603125 0.7250000000000001 0.60703125 0.7245370373263889 0.61015625 0.7166666666666667 0.6106770834960937 0.7106481484375 0.6106770834960937 0.6990740737847223 0.6083333334960938 0.6856481484375 0.6033854165039062 0.6796296293402777 0.5994791665039062 0.6824074071180556 0.5932291665039062 0.6925925928819444 0.59296875 0.6972222222222223 0.5947916665039062 0.7074074071180555 0.5981770834960938 0.7194444444444444 0.603125 0.7250000000000001
0 0.6346354165039062 0.7319444444444445 0.63515625 0.7282407404513889 0.6330729165039063 0.7217592595486111 0.63359375 0.7166666666666667 0.6307291665039062 0.7078703706597222 0.6268229165039062 0.7064814817708334 0.6239583334960938 0.7124999999999999 0.6234375 0.7208333333333333 0.6265625 0.7291666666666666 0.6307291665039062 0.7328703706597222 0.6346354165039062 0.7319444444444445
0 0.6229166665039062 0.7731481484375 0.6268229165039062 0.7731481484375 0.63203125 0.7680555555555555 0.6348958334960938 0.7634259262152778 0.6369791665039063 0.7555555555555555 0.6346354165039062 0.7439814817708333 0.6307291665039062 0.7393518515625 0.6192708334960938 0.7490740737847221 0.61484375 0.7495370373263889 0.6075520834960938 0.7439814817708333 0.60390625 0.7444444444444445 0.6018229165039063 0.7472222222222222 0.60078125 0.7537037039930555 0.6015625 0.7634259262152778 0.6026041665039062 0.7657407404513888 0.6229166665039062 0.7731481484375
0 0.6265625 0.9199074071180555 0.6479166665039062 0.9208333333333333 0.6515625 0.9194444444444445 0.65546875 0.9143518515625 0.6557291665039062 0.9027777777777778 0.6541666665039062 0.8972222222222221 0.65 0.8912037039930555 0.6424479165039062 0.8879629626736111 0.63671875 0.8893518515625001 0.6197916665039063 0.9041666666666666 0.61953125 0.9083333333333334 0.6205729165039062 0.911111111111111 0.6234375 0.9171296293402779 0.6265625 0.9199074071180555
0 0.7395833334960937 0.12453703732638889 0.7440104165039062 0.11805555555555555 0.7440104165039062 0.10694444444444445 0.7401041665039062 0.10138888888888889 0.7354166665039062 0.10277777777777779 0.7283854165039062 0.10092592621527778 0.7265625 0.10462962934027778 0.7260416665039062 0.10787037065972221 0.7283854165039062 0.11481481510416668 0.7348958334960938 0.12592592621527776 0.7395833334960937 0.12453703732638889
0 0.86015625 0.14259259288194445 0.8598958334960938 0.13842592621527777 0.85859375 0.13611111111111113 0.8536458334960938 0.1328703706597222 0.8489583334960937 0.1328703706597222 0.8463541665039063 0.1388888888888889 0.8466145834960938 0.14537037065972222 0.8497395834960938 0.1486111111111111 0.8567708334960937 0.1486111111111111 0.86015625 0.14259259288194445
0 0.9104166665039063 0.14212962934027776 0.9111979165039062 0.1388888888888889 0.9153645834960937 0.13472222222222222 0.9138020834960937 0.12731481510416665 0.91484375 0.11898148177083333 0.9127604165039063 0.1157407404513889 0.9046875 0.11481481510416668 0.9020833334960937 0.11620370399305556 0.9005208334960938 0.12083333333333332 0.9013020834960938 0.13055555555555556 0.9065104165039063 0.14398148177083334 0.9080729165039062 0.14490740711805555 0.9104166665039063 0.14212962934027776
0 0.93125 0.32268518489583337 0.93515625 0.3245370373263889 0.9393229165039062 0.3217592595486111 0.9393229165039062 0.31851851822916666 0.9356770834960938 0.3106481484375 0.9354166665039062 0.30740740711805553 0.93828125 0.2949074071180556 0.94375 0.2921296293402778 0.95234375 0.29583333333333334 0.9549479165039062 0.2949074071180556 0.9557291665039063 0.2916666666666667 0.9546875 0.2791666666666667 0.9458333334960938 0.27685185156250003 0.9395833334960938 0.2712962960069445 0.9278645834960938 0.27685185156250003 0.9244791665039063 0.2833333333333333 0.9236979165039062 0.2986111111111111 0.9247395834960938 0.3092592595486111 0.9283854165039063 0.3189814817708333 0.93125 0.32268518489583337
0 0.7401041665039062 0.3148148151041667 0.7421875 0.3078703706597222 0.7745833334960938 0.27407407378472226 0.7833333334960938 0.2745370373263889 0.7903645834960937 0.2712962960069445 0.7947916665039062 0.2712962960069445 0.7963541665039062 0.2675925928819444 0.7947916665039062 0.2652777777777778 0.7940104165039062 0.2606481484375 0.7950520834960938 0.2513888888888889 0.7783854165039062 0.25370370399305553 0.7744791665039062 0.2564814817708333 0.76796875 0.2574074071180556 0.7640625 0.2532407404513889 0.7596354165039062 0.24305555555555555 0.75625 0.24027777777777778 0.7518229165039062 0.24166666666666664 0.7497395834960937 0.24398148177083334 0.74375 0.2634259262152778 0.7385416665039063 0.27222222222222225 0.7361979165039062 0.28194444444444444 0.7372395834960938 0.29583333333333334 0.7359375 0.30879629600694447 0.7375 0.3129629626736111 0.7401041665039062 0.3148148151041667
0 0.7083333334960937 0.26944444444444443 0.7205729165039062 0.2671296293402778 0.71875 0.2564814817708333 0.7091145834960938 0.2486111111111111 0.7049479165039062 0.2481481484375 0.7044270834960937 0.2523148151041667 0.7059895834960938 0.2564814817708333 0.70703125 0.2671296293402778 0.7083333334960937 0.26944444444444443
0 0.6776041665039062 0.4199074071180556 0.68046875 0.4120370373263889 0.68125 0.40509259288194444 0.684375 0.40185185156250003 0.68828125 0.4009259262152778 0.6903645834960938 0.3925925928819444 0.6815104165039062 0.38749999999999996 0.6731770834960937 0.3925925928819444 0.6705729165039063 0.3962962960069445 0.6700520834960938 0.4041666666666667 0.6713541665039062 0.4138888888888889 0.6736979165039062 0.41944444444444445 0.6776041665039062 0.4199074071180556
0 0.7869791665039062 0.4393518515625 0.7893229165039063 0.4277777777777778 0.7895833334960938 0.4199074071180556 0.7833333334960938 0.4009259262152778 0.7828125 0.3912037039930556 0.7778645834960938 0.38796296267361113 0.7752604165039062 0.3884259262152778 0.7729166665039062 0.3925925928819444 0.7729166665039062 0.4027777777777778 0.7768229165039062 0.4310185182291667 0.7830729165039062 0.44027777777777777 0.7869791665039062 0.4393518515625
0 0.8947916665039063 0.4398148151041667 0.90078125 0.4407407404513889 0.9033854165039062 0.44305555555555554 0.90703125 0.4546296293402778 0.9080729165039062 0.4680555555555556 0.9184895834960938 0.46249999999999997 0.9153645834960937 0.4555555555555555 0.9111979165039062 0.4388888888888889 0.9130208334960938 0.42731481510416663 0.9119791665039062 0.41574074045138887 0.9125 0.4009259262152778 0.9002604165039062 0.40185185156250003 0.8979166665039062 0.4041666666666667 0.8973958334960938 0.40879629600694445 0.8927083334960938 0.4120370373263889 0.89375 0.4166666666666667 0.8921875 0.4231481484375 0.8924479165039062 0.4370370373263889 0.8947916665039063 0.4398148151041667
0 0.8830729165039063 0.44305555555555554 0.8895833334960938 0.44583333333333336 0.8916666665039062 0.45879629600694444 0.8958333334960937 0.4652777777777778 0.9005208334960938 0.4671296293402778 0.9013020834960938 0.45879629600694444 0.8932291665039063 0.4240740737847222 0.8934895834960938 0.4120370373263889 0.8768229165039062 0.40740740711805556 0.8716145834960938 0.4115740737847222 0.86953125 0.4166666666666667 0.8690104165039062 0.41944444444444445 0.871875 0.4236111111111111 0.8747395834960937 0.43240740711805553 0.8830729165039063 0.44305555555555554
0 0.8528645834960937 0.44027777777777777 0.8557291665039063 0.4351851848958333 0.8559895834960938 0.43148148177083334 0.8528645834960937 0.4217592595486111 0.8526041665039062 0.41574074045138887 0.8494791665039062 0.4120370373263889 0.846875 0.4143518515625 0.8427083334960938 0.4263888888888889 0.8424479165039063 0.43148148177083334 0.8463541665039063 0.4398148151041667 0.8486979165039062 0.44120370399305553 0.8528645834960937 0.44027777777777777
0 0.81328125 0.48564814843750004 0.8171875 0.4893518515625 0.8197916665039062 0.5083333333333333 0.821875 0.5134259262152778 0.8252604165039062 0.5171296293402778 0.8296875 0.5157407404513888 0.8307291665039063 0.5125 0.82734375 0.4893518515625 0.83203125 0.47175925954861114 0.8307291665039063 0.46481481510416667 0.8294270834960937 0.46157407378472226 0.8216145834960937 0.45370370399305554 0.8106770834960938 0.45370370399305554 0.7989583334960938 0.45879629600694444 0.80078125 0.4634259262152778 0.8091145834960938 0.47500000000000003 0.81328125 0.48564814843750004
0 0.77734375 0.5722222222222223 0.7807291665039062 0.5722222222222223 0.7856770834960938 0.5666666666666667 0.7911458334960938 0.5648148151041666 0.79609375 0.5564814817708333 0.7947916665039062 0.5504629626736111 0.7869791665039062 0.5513888888888889 0.7822916665039062 0.5481481484375 0.7778645834960938 0.5370370373263889 0.7786458334960937 0.5328703706597222 0.77578125 0.5296296293402778 0.7713541665039062 0.5310185182291667 0.76796875 0.5402777777777777 0.7666666665039062 0.5513888888888889 0.7684895834960938 0.5606481484375 0.77265625 0.5680555555555555 0.77734375 0.5722222222222223
0 0.6854166665039062 0.6365740737847223 0.6903645834960938 0.6259259262152779 0.6973958334960938 0.6157407404513889 0.6932291665039062 0.6041666666666666 0.6856770834960938 0.6097222222222222 0.6776041665039062 0.6097222222222222 0.6736979165039062 0.6148148151041667 0.6752604165039062 0.6268518515625 0.6765625 0.6296296293402778 0.6815104165039062 0.6351851848958333 0.6854166665039062 0.6365740737847223
0 0.7278645834960937 0.6893518515625 0.7333333334960938 0.6884259262152779 0.7354166665039062 0.6856481484375 0.7369791665039063 0.6736111111111112 0.73203125 0.6629629626736111 0.72734375 0.6574074071180556 0.7166666665039062 0.6555555555555556 0.715625 0.6574074071180556 0.7161458334960937 0.6685185182291666 0.7208333334960938 0.6856481484375 0.7278645834960937 0.6893518515625
0 0.8455729165039062 0.6564814817708333 0.8494791665039062 0.6550925928819444 0.8528645834960937 0.6574074071180556 0.86015625 0.6736111111111112 0.8596354165039063 0.6787037039930556 0.8609375 0.6819444444444445 0.8677083334960938 0.6736111111111112 0.8645833334960937 0.6615740737847222 0.8583333334960938 0.6458333333333334 0.8578125 0.6375 0.8596354165039063 0.6222222222222222 0.85703125 0.6129629626736111 0.85 0.6050925928819445 0.8421875 0.6069444444444445 0.8359375 0.6189814817708333 0.8356770834960937 0.6287037039930555 0.8369791665039062 0.6384259262152778 0.8419270834960938 0.6509259262152778 0.8455729165039062 0.6564814817708333
0 0.8916666665039062 0.6995370373263889 0.8888020834960938 0.7050925928819445 0.8885416665039062 0.7092592595486111 0.8901041665039062 0.7208333333333333 0.8921875 0.7250000000000001 0.8966145834960938 0.7291666666666666 0.9088541665039063 0.7319444444444445 0.92421875 0.7203703706597222 0.9236979165039062 0.7148148151041667 0.9197916665039062 0.7143518515624999 0.9151041665039062 0.7092592595486111 0.91015625 0.6967592595486111 0.9080729165039062 0.6861111111111111 0.9036458334960937 0.6736111111111112 0.8958333334960937 0.6680555555555556 0.8921875 0.6620370373263889 0.8888020834960938 0.6597222222222222 0.884375 0.6615740737847222 0.8822916665039062 0.6652777777777777 0.8822916665039062 0.6708333333333333 0.8880208334960937 0.6800925928819445 0.89140625 0.6925925928819444 0.8916666665039062 0.6995370373263889
0 0.8434895834960937 0.8296296293402778 0.8427083334960938 0.8337962960069444 0.8455729165039062 0.8412037039930556 0.8533854165039062 0.8421296293402778 0.8552083334960937 0.825 0.8583333334960938 0.8166666666666667 0.8588541665039062 0.8046296293402777 0.86015625 0.7990740737847222 0.8651041665039062 0.7976851848958333 0.8690104165039062 0.8004629626736111 0.8768229165039062 0.7972222222222222 0.8807291665039062 0.7875000000000001 0.8809895834960938 0.7712962960069444 0.87890625 0.7662037039930555 0.8768229165039062 0.7546296293402778 0.8690104165039062 0.7393518515625 0.8653645834960938 0.7370370373263889 0.8640625 0.7310185182291666 0.8619791665039063 0.7282407404513889 0.859375 0.7287037039930556 0.8572916665039062 0.7314814817708333 0.8526041665039062 0.7458333333333333 0.8494791665039062 0.7504629626736111 0.8489583334960937 0.7541666666666667 0.8489583334960937 0.7685185182291667 0.8515625 0.7879629626736111 0.8416666665039062 0.8263888888888888 0.8434895834960937 0.8296296293402778
0 0.7322916665039062 0.8574074071180555 0.7393229165039062 0.8564814817708333 0.7440104165039062 0.8513888888888889 0.746875 0.8504629626736111 0.7557291665039062 0.8518518515625 0.7546875 0.8333333333333334 0.7520833334960938 0.8287037039930555 0.7481770834960938 0.8259259262152778 0.74609375 0.8310185182291667 0.7442708334960938 0.8324074071180555 0.728125 0.8324074071180555 0.7208333334960938 0.8277777777777778 0.7200520834960937 0.8287037039930555 0.7203125 0.8337962960069444 0.72421875 0.8467592595486111 0.7283854165039062 0.8537037039930556 0.7322916665039062 0.8574074071180555
0 0.7635416665039062 0.9555555555555555 0.77578125 0.9486111111111111 0.7763020834960938 0.9472222222222223 0.7734375 0.9444444444444444 0.7643229165039063 0.9148148151041666 0.7625 0.9004629626736111 0.759375 0.8884259262152778 0.75546875 0.8814814817708334 0.7466145834960938 0.8726851848958334 0.740625 0.8736111111111111 0.7359375 0.8791666666666667 0.7361979165039062 0.8824074071180555 0.7583333334960938 0.9268518515624999 0.76171875 0.9398148151041666 0.7635416665039062 0.9555555555555555