0 0.3081704638671875 0.09057920833333333 0.31452251318359375 0.1038529045138889 0.31758579833984374 0.11562556684027776 0.32434483544921877 0.12479589670138888 0.3351477783203125 0.14651638888888888 0.337878400390625 0.14831256770833334 0.3427957416992187 0.14139211892361112 0.3470799907226563 0.14085468315972224 0.34858839697265626 0.13897700000000002 0.34757742041015627 0.13583945920138887 0.34081901025390626 0.13466110850694443 0.3378015712890625 0.13042449739583334 0.3356891767578125 0.12506127517361113 0.33399800830078125 0.10478673871527777 0.3274799409179687 0.09052079079861111 0.32330099853515626 0.08733039756944444 0.3152002001953125 0.08902198263888889 0.310282232421875 0.08795045138888889 0.3081704638671875 0.09057920833333333
0 0.36741155322265623 0.09316595746527778 0.36629589599609375 0.10174822482638889 0.3731150185546875 0.10764665625 0.37756528662109373 0.10810147222222222 0.381276529296875 0.11067515104166667 0.38457953173828124 0.1013682361111111 0.3839451875 0.09176728993055555 0.3791628818359375 0.08932797048611112 0.3742752705078125 0.09061647916666667 0.36741155322265623 0.09316595746527778
0 0.3409701635742188 0.13846932986111113 0.3393267211914063 0.14970678211805555 0.342586380859375 0.1648317361111111 0.3421645278320313 0.17175107118055555 0.33626719189453125 0.185886 0.33070126708984376 0.1940134513888889 0.32769931982421874 0.19495284982638889 0.3337490615234375 0.2006101032986111 0.3397690737304688 0.2118992951388889 0.342408001953125 0.19862337326388887 0.35225692333984376 0.17397452690972223 0.359769224609375 0.17021804513888888 0.36713037158203127 0.1626533420138889 0.36851797998046876 0.15932747743055556 0.36841204736328126 0.15506332638888887 0.3607925610351562 0.1385716970486111 0.3563119375 0.13575684027777776 0.354531580078125 0.13237812239583333 0.3503377724609375 0.13200369791666666 0.3409701635742188 0.13846932986111113
0 0.3513562626953125 0.23104499565972222 0.35093440966796874 0.23796433072916667 0.3560945986328125 0.2499242048611111 0.36048478076171875 0.25365092013888885 0.36179681201171876 0.24842094444444443 0.358145029296875 0.23458338628472225 0.3581896240234375 0.22613547743055554 0.3562283828125 0.22458047743055554 0.3545539580078125 0.22546590972222225 0.3513562626953125 0.23104499565972222
0 0.39169047998046874 0.1736429392361111 0.389473404296875 0.17999952517361112 0.3968067001953125 0.2020427013888889 0.3938208701171875 0.21615008940972225 0.39339901708984376 0.22306942447916667 0.394968134765625 0.22591182118055558 0.3987245986328125 0.2280295703125 0.4010928276367188 0.22548120486111112 0.4028867978515625 0.2100599939236111 0.4050282963867187 0.201799296875 0.4144863471679687 0.19442180555555555 0.4159340415039062 0.18782404079861112 0.4141388193359375 0.18726129253472223 0.40917500439453125 0.17865371093750002 0.40415110400390625 0.17331802864583334 0.3964120727539063 0.1713621779513889 0.39169047998046874 0.1736429392361111
0 0.3726585888671875 0.250885578125 0.37246284033203125 0.255525265625 0.3796294912109375 0.26858421006944444 0.3823743525390625 0.2595724392361111 0.3869751474609375 0.25584349739583334 0.391168955078125 0.2562179201388889 0.3965843525390625 0.25227422743055555 0.3985901879882813 0.2453813185763889 0.3973227509765625 0.24216338541666665 0.38839185986328123 0.23889371267361112 0.37716831640625 0.24007651475694447 0.3726585888671875 0.250885578125
0 0.3979564697265625 0.2437723515625 0.39806240234375 0.24803650260416665 0.40630011572265623 0.26096108854166666 0.4072064116210937 0.2758184375 0.41268252099609376 0.2765948246527778 0.4152167685546875 0.27503871093750004 0.4179919853515625 0.2683869800347222 0.4179157822265625 0.25849088975694445 0.41400816552734376 0.25256491927083335 0.4095727626953125 0.2492941328125 0.40460894775390627 0.2406865512152778 0.4002491220703125 0.2393198758680556 0.3979564697265625 0.2437723515625
0 0.43821995703125 0.05377853732638889 0.43977421044921877 0.05943690364583333 0.4411017333984375 0.059382937499999996 0.44386271142578126 0.06353915625 0.44847837158203124 0.05699424392361111 0.4500765932617187 0.046212721354166666 0.45016640869140623 0.0373088828125 0.44825038916015625 0.035297953124999996 0.4412807387695313 0.03358327951388889 0.43821995703125 0.05377853732638889
0 0.4699590771484375 0.04304318923611111 0.4660669506835938 0.04229322829861111 0.46244614990234373 0.03880769010416667 0.455898978515625 0.038165662326388884 0.45567350048828126 0.04843728993055555 0.46308112060546874 0.0564006171875 0.46854236474609373 0.059992973958333334 0.473551400390625 0.06814462586805556 0.47907273046875 0.06846508420138889 0.484668384765625 0.05470569270833334 0.48554244677734376 0.043227061631944445 0.4828712841796875 0.03016700434027778 0.4762788916015625 0.029980905381944447 0.4699590771484375 0.04304318923611111
0 0.5240464575195313 0 0.523948283203125 0.01859796267361111 0.525683419921875 0.02243261197916667 0.5288817416992188 0.024845505208333334 0.5299986508789063 0.032247196180555555 0.5267705991210937 0.035466243055555555 0.521279625 0.037505824652777776 0.5226529951171875 0.04498790885416667 0.5255799912109375 0.05013637934027778 0.5320670771484375 0.05405030729166667 0.5343145083007812 0.05005376041666667 0.5358067973632813 0.035008086805555554 0.5354592690429687 0.027847572916666667 0.5463352841796875 0.019504256944444444 0.5483559853515625 0.009795378472222222 0.5480325317382813 0.0073434609375 0.5246061865234375 0 0.5240464575195313 0
0 0.4895622578125 0.13333698090277776 0.48879350244140624 0.14108778298611113 0.48923147265625 0.14733643663194443 0.4953109443359375 0.14736175086805556 0.5029298041992187 0.1558614001736111 0.5070028139648437 0.1547876432291667 0.515977673828125 0.14161742621527776 0.5147703227539062 0.13512759461805557 0.5115267802734375 0.13317063020833333 0.5012082802734374 0.13322682291666668 0.495460845703125 0.13518601215277778 0.49046730126953125 0.13221037065972222 0.4895622578125 0.13333698090277776
0 0.5177270493164062 0.134644125 0.5166113920898437 0.14322639322916667 0.5230842387695313 0.15794826996527778 0.5254679594726562 0.1605759157986111 0.52919406640625 0.16033362413194444 0.5307476938476563 0.15800001041666667 0.5315015834960938 0.15306517881944445 0.5299473305664063 0.14740681249999998 0.5260849340820313 0.1410249123263889 0.5240778461914063 0.13193386197916668 0.5205326225585938 0.13035243402777777 0.5177270493164062 0.134644125
0 0.438370646484375 0.24421826302083335 0.43974401611328123 0.25170034722222223 0.435776939453125 0.25703825607638886 0.4345107548828125 0.2698042821180555 0.43719678173828125 0.2800483706597222 0.44072714111328126 0.28444576736111116 0.45068387353515627 0.28803701128472226 0.45600882958984373 0.28500517621527777 0.45938740869140626 0.2776023715277778 0.4550870424804688 0.26497181770833333 0.4537737587890625 0.2542178342013889 0.45054508056640624 0.2494449001736111 0.44553667138671876 0.2492852282986111 0.44246657958984376 0.24691253125 0.44064843359375 0.2425817578125 0.43906445068359373 0.24255533072916668 0.438370646484375 0.24421826302083335
0 0.46700376416015627 0.25413410243055556 0.4649390947265625 0.28028286979166667 0.4659048505859375 0.28387633940972223 0.46848494482421876 0.2898562769097222 0.4726638876953125 0.2930466701388889 0.47445910986328127 0.29360941927083334 0.4779436220703125 0.290470765625 0.49103859130859373 0.2997468020833333 0.4968616020507812 0.2996917230902778 0.49849018017578123 0.2912702395833333 0.49752442431640626 0.2876767699652778 0.4849875966796875 0.2781055894097222 0.48338792919921875 0.2702390078125 0.4834023618164062 0.262095203125 0.4785890751953125 0.2493038637152778 0.47870924658203123 0.24276006423611113 0.477607828125 0.24053438368055557 0.47567694287109374 0.2413394236111111 0.46700376416015627 0.25413410243055556
0 0.5122900615234375 0.2481154956597222 0.5138443149414063 0.2537738611111111 0.5159715747070313 0.25632111371527777 0.5185813989257813 0.25666911024305555 0.5222015737304687 0.2521626684027778 0.5258824604492187 0.25237630729166666 0.53024166015625 0.24575100260416669 0.5297132485351562 0.2404142074652778 0.5270278471679688 0.23816209895833332 0.5222758979492188 0.23808281944444445 0.5180517348632813 0.23534835590277778 0.5139638603515625 0.23923808333333335 0.5122900615234375 0.2481154956597222
0 0.52447623046875 0.21056626302083334 0.5310847397460937 0.2239203515625 0.5323373115234376 0.22995425520833335 0.5313573173828126 0.23716873524305557 0.5285368793945312 0.24427639496527778 0.5294877700195313 0.2506858350694444 0.5282060942382812 0.2582758506944444 0.5311027348632813 0.26106428125000003 0.537514244140625 0.26307409809027776 0.5424922973632812 0.26087373003472225 0.5471977734375 0.24542498003472224 0.54784573046875 0.23622599652777776 0.5461706796875 0.22911944965277778 0.5387630590820313 0.22115612239583332 0.5340253491210938 0.21026889322916664 0.530962689453125 0.2064882109375 0.5276739262695312 0.20498717708333333 0.5245815366210937 0.2068384348958333 0.52447623046875 0.21056626302083334
0 0.57656725 0.02663055208333333 0.5788605283203125 0.03017005642361111 0.5855297495117188 0.04824422569444445 0.5865258608398437 0.05419773611111111 0.585394712890625 0.05760399305555556 0.586375333984375 0.05838149392361111 0.58728100390625 0.06524686284722221 0.5883372006835937 0.06792847395833333 0.590222865234375 0.06757936371527778 0.5909463994140625 0.06028449131944444 0.5940232973632813 0.053257223958333336 0.5947016108398437 0.04641828125 0.5893754028320313 0.033466155381944446 0.5882281376953125 0.023704424479166666 0.589762294921875 0.020424497395833335 0.57602334765625 0.016117747395833333 0.5768534404296874 0.021079005208333335 0.57656725 0.02663055208333333
0 0.5876869008789063 0.23978302256944448 0.5881403618164063 0.2512076866319444 0.5938283364257813 0.26051237586805553 0.5985201997070313 0.2638635555555556 0.60546074609375 0.2792021467013889 0.60861384765625 0.28207096961805556 0.6140447358398438 0.28330328645833336 0.6163225229492187 0.2816667803819444 0.621073845703125 0.2737540807291667 0.6235467553710937 0.25948590625 0.6213587836914063 0.25221857378472223 0.6153994838867187 0.24564946180555555 0.6107831977539062 0.2442023932291667 0.6093200122070312 0.24562414756944445 0.5998762001953125 0.2421936901041667 0.59622504296875 0.2363481119791667 0.590281234375 0.2349550095486111 0.5876869008789063 0.23978302256944448
0 0.5563591518554688 0.30235886371527776 0.5523022592773438 0.3166006111111111 0.5465250952148437 0.3241917404513889 0.5439914736328125 0.3337398333333333 0.55139909375 0.3417031605902778 0.5601187456054687 0.34443651128472225 0.5641161787109376 0.3414586432291667 0.5659559956054687 0.3335734826388889 0.5632092568359375 0.3186093142361111 0.5629063232421875 0.30300089149305554 0.561397291015625 0.29688659635416664 0.5600697680664063 0.2969405625 0.5563591518554688 0.30235886371527776
0 0.5893217397460937 0.3112813376736111 0.5866214736328125 0.3118451987847222 0.5878443154296875 0.32351104166666667 0.5861252958984375 0.3328443836805556 0.5887958325195313 0.3379124609375 0.5930199956054687 0.3406469253472222 0.594950880859375 0.3398418854166667 0.59810335546875 0.3347187282986111 0.598992908203125 0.3284161076388889 0.5986751098632812 0.3156236545138889 0.5958837758789063 0.30910739583333335 0.591735189453125 0.3082770434027778 0.5893217397460937 0.3112813376736111
0 0.6082564633789063 0.34166226475694444 0.6057073505859375 0.34603434722222226 0.6047273564453125 0.35324882725694445 0.6062363881835937 0.35936312326388886 0.6151220590820312 0.3630887248263889 0.6200245356445313 0.3589842465277778 0.6228449731445312 0.35187658680555556 0.6236137280273437 0.3441257847222222 0.6209438178710938 0.34704968663194447 0.6154069970703125 0.34155321875 0.6113036313476562 0.3402669366319444 0.6082564633789063 0.34166226475694444
0 0.634379427734375 0.2755744592013889 0.6321468618164062 0.27675503559027775 0.6331281083984375 0.285524515625 0.6354969638671875 0.29096813020833334 0.6395699731445312 0.2898943723958334 0.6407011215820313 0.28648811458333334 0.6453471376953125 0.2823032430555556 0.6484692563476563 0.27482004600694443 0.6482276611328125 0.2719236831597222 0.64492340625 0.2652466388888889 0.6408200405273438 0.2639603559027778 0.634379427734375 0.2755744592013889
0 0.7050997333984375 0.07444333333333333 0.70004735546875 0.09072354947916667 0.6934103686523437 0.09898536024305556 0.6882520581054687 0.11100142534722222 0.6865479028320313 0.11751879774305556 0.686925787109375 0.1270393515625 0.67695544140625 0.1422480373263889 0.6773934116210938 0.1484966909722222 0.6801091689453125 0.15310883940972222 0.684438638671875 0.1521154748263889 0.6931266826171875 0.13650482552083332 0.7040782749023438 0.13006562065972224 0.70926694140625 0.12040959461805555 0.7104278198242188 0.11137139756944443 0.70858675 0.10327259809027778 0.7093555048828125 0.09552179687500001 0.7153277915039062 0.07529899913194443 0.718601064453125 0.07162402430555555 0.7216928276367187 0.06178078645833333 0.7120435068359375 0.05875601215277778 0.7070145014648438 0.06047030295138889 0.7050997333984375 0.07444333333333333
0 0.7214717319335937 0.12799627256944446 0.7182288149414062 0.13403128819444443 0.7174904165039062 0.14414213020833333 0.7226654702148437 0.15328603385416667 0.738974251953125 0.17015097395833334 0.7436351333007812 0.1631501328125 0.740436185546875 0.1527452595486111 0.739122275390625 0.13399929600694443 0.734927841796875 0.1256328923611111 0.7258612880859375 0.12373100781249999 0.7214717319335937 0.12799627256944446
0 0.7022733579101562 0.39087816493055555 0.7041745131835937 0.3957050642361111 0.7054122202148437 0.4045549375 0.7011292236328125 0.4210763315972222 0.7003604682617187 0.42882713368055553 0.70090437109375 0.43933993836805557 0.702775169921875 0.4418067986111111 0.709322341796875 0.44244882725694445 0.712339154296875 0.43869345833333334 0.7152952543945312 0.4302180095486111 0.7166221508789062 0.4221720633680556 0.7162746225585938 0.4150115503472222 0.7111280463867188 0.38425174739583334 0.70414353125 0.38535304427083333 0.7022733579101562 0.39087816493055555
0 0.2068697353515625 0.6506865355902778 0.197659541015625 0.7408801875 0.1987764501953125 0.7482818784722222 0.20349866943359374 0.7539930980902778 0.2062887509765625 0.7445253975694445 0.2109644970703125 0.7347085868055555 0.21296970703125 0.7198236979166667 0.21960669384765624 0.7115618871527778 0.22182376953125 0.7052053003472223 0.2230298681640625 0.6957111727430555 0.2217159580078125 0.6769652100694444 0.21426249072265624 0.6614658324652778 0.2098865478515625 0.6469311675347222 0.20855902490234374 0.6469851336805555 0.2068697353515625 0.6506865355902778
0 0.23193399853515625 0.5499492005208333 0.22571949072265626 0.5592836553819445 0.224060556640625 0.5653450980902778 0.22445330615234374 0.5720496814236111 0.22594684716796876 0.5729879678819444 0.229823482421875 0.5685619184027778 0.2329914482421875 0.5686147708333333 0.23711030517578124 0.5750770642361112 0.241470130859375 0.5764437395833333 0.2474288046875 0.5750208715277778 0.257988900390625 0.5778610416666666 0.26257545654296877 0.5849400494791667 0.263691740234375 0.5843497604166666 0.264927568359375 0.5692236935763888 0.266496060546875 0.5640741102430555 0.26539464208984376 0.5618484296874999 0.26106517236328125 0.5628417942708333 0.25551348583984373 0.5601612960069444 0.25073055517578124 0.5497299965277778 0.2468532939453125 0.5461640659722222 0.2398836435546875 0.5444493932291666 0.23193399853515625 0.5499492005208333
0 0.26939880078125 0.4521588541666666 0.2730803134765625 0.4603644722222222 0.27851120166015625 0.4615967890625 0.28264367138671875 0.44925915190972227 0.28102933203125 0.4468726857638889 0.2731242822265625 0.44392458333333334 0.26939880078125 0.4521588541666666
0 0.34677721923828125 0.3198697456597222 0.340744220703125 0.33537246267361115 0.3353436884765625 0.3365001857638889 0.330048462890625 0.33390008072916666 0.3283300693359375 0.3512254027777778 0.3345154736328125 0.35551486631944446 0.33644635888671875 0.35470982638888887 0.3389205205078125 0.35642561284722224 0.3442002548828125 0.3538497074652778 0.3529651279296875 0.35612712934027774 0.3567816772460938 0.3549729791666667 0.3588934462890625 0.3523442213541667 0.3618644111328125 0.34105280208333333 0.3633114794921875 0.3264630572916667 0.35913191064453126 0.31528068402777776 0.35388190576171874 0.31222464930555555 0.34677721923828125 0.3198697456597222
0 0.37919715625 0.3342633732638889 0.375547251953125 0.3444017552083334 0.37419062548828125 0.358079640625 0.3682022216796875 0.36513444791666666 0.36231912451171877 0.3684614262152778 0.3643410771484375 0.37473650694444444 0.3682635595703125 0.3778465086805556 0.3727286923828125 0.3754853550347222 0.3860330224609375 0.36132177430555557 0.38757115869140624 0.3538121501736111 0.3844471611328125 0.3373194079861111 0.38526113720703126 0.32911267708333336 0.38681476416015625 0.32677906336805557 0.3847630810546875 0.32613592187499996 0.37919715625 0.3342633732638889
0 0.3610535659179688 0.38921943229166667 0.369412703125 0.4115841788194444 0.37158518359375 0.4136755017361111 0.3732596083984375 0.4127900694444444 0.376970224609375 0.40737176822916665 0.3783726982421875 0.4012299331597222 0.37801030517578127 0.39688538975694443 0.37580746875 0.39243402604166666 0.36506586376953126 0.38342559461805553 0.3610535659179688 0.38921943229166667
0 0.3387069384765625 0.5185448559027778 0.3390241103515625 0.5233453289930555 0.34264491162109373 0.5268308663194445 0.3467482768554688 0.5281171493055555 0.3485131435546875 0.5263198576388889 0.35047375830078126 0.5198828784722223 0.3485726030273438 0.515055978298611 0.3412256948242188 0.5118127326388888 0.3400189697265625 0.5133148793402778 0.3387069384765625 0.5185448559027778
0 0.36313138330078126 0.5309022404513889 0.3621966098632812 0.5376607899305555 0.3663761787109375 0.5488431631944445 0.37114361865234374 0.554098453125 0.3726817543945313 0.5465888289930556 0.3721081220703125 0.5417079635416667 0.374038380859375 0.5329109435763889 0.3731630673828125 0.5284056145833333 0.36773217919921874 0.5271732986111111 0.36313138330078126 0.5309022404513889
0 0.27218482275390626 0.7759942638888888 0.26957562451171874 0.7836382465277778 0.2744799794921875 0.8035097074652778 0.2788398051757813 0.8048763828125 0.28276166162109373 0.7999944036458334 0.28445032470703124 0.7883010217013889 0.2821409296875 0.7715935286458334 0.278565349609375 0.7676520607638889 0.2765892436523438 0.7689130303819445 0.27218482275390626 0.7759942638888888
0 0.3668601572265625 0.7572513532986112 0.3671773291015625 0.7620518255208333 0.3713568979492187 0.7732341996527778 0.3741779619140625 0.7741185190972222 0.37613857666015627 0.7676815390625 0.375564318359375 0.7548086935763889 0.37135501953125 0.7492582595486111 0.36898679052734373 0.7518066258680556 0.3668601572265625 0.7572513532986112
0 0.36966072119140625 0.6890238237847223 0.35587257421875 0.6894026996527778 0.35410770751953125 0.6911999921875 0.3535198359375 0.6971270755208333 0.3556173662109375 0.7053062673611111 0.35685444677734374 0.7061641597222222 0.35780533740234377 0.7125735998263889 0.36907535400390623 0.7269188272569445 0.370569521484375 0.7358490920138889 0.374477138671875 0.7417750624999999 0.37578917041015625 0.7365450868055556 0.3775992578125 0.7342918654513889 0.3813538427734375 0.7124336753472222 0.3804630380859375 0.7027523359375 0.37747532958984376 0.6928837855902779 0.37764072216796873 0.6858840572916667 0.3758603642578125 0.6825053394097222 0.3715005385742188 0.6811386640625 0.36966072119140625 0.6890238237847223
0 0.4143970161132812 0.7871960989583333 0.4176108291015625 0.7947850017361111 0.42055269091796876 0.7971175017361111 0.42684340185546876 0.7976791380208333 0.42546940625 0.7822050746527778 0.4286218813476563 0.7770819166666666 0.42720329052734374 0.7700557630208333 0.42519682861328123 0.7689566909722223 0.420792408203125 0.7760379253472222 0.415980373046875 0.7792305451388889 0.4143970161132812 0.7871960989583333
0 0.42865270166015623 0.592810453125 0.4270241240234375 0.6012319357638889 0.4279750146484375 0.607641375 0.432500859375 0.6100003020833333 0.43406935107421873 0.6048507187500001 0.4347773940429687 0.5923798368055555 0.43427933837890625 0.5894030815972222 0.4313226123046875 0.5898865503472223 0.42865270166015623 0.592810453125
0 0.4373568623046875 0.5903677934027778 0.43805129296875 0.5966968402777778 0.44215465869140624 0.5979831232638889 0.44497509619140624 0.5908754635416666 0.4417160625 0.5837424887152778 0.4390157963867187 0.5843063506944444 0.4373568623046875 0.5903677934027778
0 0.42597669189453125 0.7104380416666667 0.4249812065429687 0.7124765104166666 0.42928094677734374 0.7171150859375 0.43214785791015625 0.7255354557291667 0.4325554716796875 0.7294240703125 0.42991591748046876 0.7347080121527778 0.42966008349609375 0.7426195989583334 0.43118398046875 0.7459179253472222 0.4402208041992188 0.7534517491319445 0.4455154038085937 0.7480598741319445 0.4485470810546875 0.7414885364583333 0.4510193647460938 0.7192283828125 0.45052130908203125 0.7162516276041667 0.4488165283203125 0.7147770199652778 0.44427581884765627 0.7152340625 0.43806005859375 0.7085845581597222 0.4331420908203125 0.7075130260416667 0.42597669189453125 0.7104380416666667
0 0.455241220703125 0.7406487934027778 0.4514139921875 0.74990890625 0.4474617802734375 0.7524308446180555 0.44347983837890625 0.7605847222222222 0.44280152490234376 0.7674236649305555 0.44723755419921873 0.7786864314236112 0.4550825185546875 0.7849064331597222 0.4570134033203125 0.7841013932291667 0.46318269091796876 0.7752228680555555 0.463302236328125 0.7606870894097222 0.4651562919921875 0.7419939791666667 0.46429584326171874 0.7346726805555556 0.45859300341796877 0.7281839618055556 0.45670733935546876 0.7285330720486111 0.455241220703125 0.7406487934027778
0 0.4646241240234375 0.6887053055555555 0.4641118291015625 0.6965365 0.4649722783203125 0.7038577986111112 0.4693172392578125 0.708040443576389 0.4783683022460937 0.7047663185763889 0.48094714453125 0.6947622951388889 0.47798979248046874 0.6872537855902778 0.4741125307617188 0.6836878550347223 0.46842518212890627 0.6823751449652778 0.4646241240234375 0.6887053055555555
0 0.45232246923828123 0.4074872048611111 0.45107114990234376 0.4174372612847222 0.45645681689453127 0.4191255078125 0.4608017783203125 0.4233081527777778 0.46206921484375 0.42652608593749997 0.46283922216796874 0.4347592439236111 0.466882501953125 0.43931742534722223 0.4689341845703125 0.43996056684027773 0.47795489208984376 0.4343264010416667 0.48329408642578126 0.42048661718749997 0.4825092138671875 0.4150694296875 0.4777269091796875 0.41263011024305557 0.47445301025390624 0.40831310590277775 0.4674232744140625 0.40987033246527776 0.46156486669921876 0.4085040017361111 0.45461512158203127 0.4030347282986111 0.45232246923828123 0.4074872048611111
0 0.5069956235351563 0.4481308550347223 0.5043864252929687 0.45577483767361104 0.5033159892578125 0.4639011762152778 0.5045388315429687 0.4755670182291667 0.5038753828125 0.4795899913194444 0.501974853515625 0.4827550711805555 0.5025788422851563 0.4899959765625 0.5080704428710937 0.4959483741319445 0.5133049560546875 0.49382839930555555 0.5224458349609375 0.48165043489583337 0.5297159140625 0.4670056111111111 0.5361720180664062 0.46056751909722227 0.5383587373046875 0.4518508914930556 0.5374227114257812 0.4426254826388889 0.5317954487304688 0.4380408732638889 0.52978961328125 0.44493378211805557 0.525686873046875 0.4516394791666667 0.5179329770507812 0.4524995980902778 0.5129995185546875 0.4462520572916666 0.5090621713867187 0.4459580260416667 0.5069956235351563 0.4481308550347223
0 0.517753345703125 0.47030727604166667 0.5130769736328125 0.4721321067708334 0.5137113178710937 0.4817330538194444 0.5232914189453125 0.49178770312500003 0.524740365234375 0.5011738975694445 0.5267319624023438 0.5050889392361111 0.5337623247070312 0.5115236927083333 0.5354070200195312 0.5162701996527779 0.5371570209960937 0.5172888776041666 0.5396912690429687 0.5157327638888889 0.54005053125 0.48011740885416665 0.5371229086914062 0.4669769583333333 0.5358102509765625 0.4642149548611111 0.5332908681640625 0.46295509809027774 0.5240137006835938 0.46850887152777776 0.5221131713867188 0.47167395138888885 0.521087330078125 0.4713523810763889 0.5199555561523438 0.4667666588541667 0.517753345703125 0.47030727604166667
0 0.56847976171875 0.3907771979166667 0.5716935747070313 0.3983661015625 0.579734287109375 0.39994641493055555 0.5821477368164063 0.39694212065972223 0.5823434853515626 0.39230243229166667 0.5799294096679688 0.3873147473958334 0.5705308178710937 0.383428359375 0.56847976171875 0.3907771979166667
0 0.6695066801757813 0.5719394869791666 0.6709252705078125 0.5789656423611111 0.6822708642578125 0.5952149800347222 0.6937236430664062 0.6317124279513888 0.687826306640625 0.6458473567708334 0.6866654291992188 0.6548855538194445 0.6831511865234375 0.6636561467013888 0.6824276528320312 0.6709510199652777 0.6847357958984375 0.6716745538194444 0.687631810546875 0.6664710034722222 0.6928359682617188 0.6619909887152777 0.6939819814453125 0.6557687604166667 0.696138970703125 0.6526840737847223 0.7031383510742187 0.6487668064236112 0.7097753383789063 0.6405049956597222 0.7144653227539063 0.6198802352430556 0.7136500947265625 0.6121030069444444 0.7081423779296875 0.5929826206597223 0.7030881215820313 0.5852868975694444 0.7002367016601563 0.5820425381944445 0.6932218305664063 0.5807837942708334 0.6714666689453125 0.5575105286458333 0.6704563188476562 0.5623649670138888 0.6695066801757813 0.5719394869791666
0 0.6649083891601563 0.6076363489583333 0.665678396484375 0.6158695060763889 0.668695208984375 0.6121141380208334 0.6799639736328125 0.6104754053819444 0.6801597216796875 0.6058357178819445 0.6777004248046875 0.6013039618055556 0.6712585600585937 0.5969341050347222 0.6697798837890625 0.5931798498263888 0.6669588198242188 0.5922955303819444 0.6649083891601563 0.6076363489583333
0 0.56934225 0.6166979201388889 0.573838365234375 0.6246887873263889 0.5745631513671875 0.633377875 0.572271125 0.6458223298611111 0.5726638745117187 0.6525269140625 0.5750482202148437 0.6631465390625 0.57938355078125 0.6718706692708333 0.583030099609375 0.6839827118055556 0.5840856704101562 0.6786723428819444 0.591687787109375 0.6660120225694445 0.5963176865234375 0.6486591614583334 0.5965282993164063 0.6412035043402777 0.5945367026367188 0.6372884626736111 0.5843080180664062 0.6284408159722222 0.5809876469726563 0.6085957821180555 0.57949410546875 0.6076574973958333 0.5723287065429687 0.6105825112847223 0.56934225 0.6166979201388889
0 0.6058674311523438 0.6563537708333333 0.6062750454101562 0.6602423845486112 0.6046316025390625 0.6714798368055556 0.6049946215820312 0.6838163611111111 0.6176373818359375 0.6976516927083334 0.619658708984375 0.6959347934027779 0.6227201162109375 0.683731515625 0.6219798388671876 0.6698664184027777 0.6205916044921875 0.6652003038194444 0.618962400390625 0.6656298072916667 0.6155980595703126 0.6622246614583333 0.6149036293945312 0.655895615451389 0.6117808842773438 0.6553868324652777 0.6058674311523438 0.6563537708333333
0 0.6242613828125 0.7161817916666666 0.6187704086914062 0.7182213732638889 0.615225810546875 0.7246319270833333 0.6123905078125 0.734555556423611 0.612722544921875 0.7365400607638889 0.6176256474609375 0.7404275607638888 0.624822654296875 0.7558465460069445 0.6264970791015625 0.7549611137152777 0.6317006108398437 0.7424891180555555 0.6339176860351563 0.73613253125 0.6341735209960937 0.7282209444444444 0.6372051977539063 0.7216496067708333 0.6380495297851563 0.7158029149305556 0.6351974838867187 0.7045665755208333 0.6339604028320313 0.7037086831597222 0.6242613828125 0.7161817916666666
0 0.6226495478515625 0.7457632430555555 0.6242044272460937 0.7594135894097223 0.6196798349609375 0.7730386215277778 0.6186998408203125 0.7802531006944444 0.6263639208984375 0.7882968203125 0.6300894028320313 0.7800625503472223 0.6334072705078125 0.7679396649305555 0.6404208891601563 0.7532144487847222 0.64293901953125 0.738490345486111 0.640826625 0.733127123263889 0.6385184819335937 0.7324035894097222 0.6362710502929687 0.7364001354166666 0.62978396484375 0.7324862083333333 0.6226495478515625 0.7457632430555555
0 0.6925727822265625 0.7686223029513889 0.6884403134765625 0.7809599392361111 0.6840668740234375 0.7983931935763889 0.6833736962890625 0.8080481059027778 0.6918381401367187 0.8266850234374999 0.6940106206054687 0.8287763463541666 0.6994867299804688 0.829552732638889 0.7067283315429688 0.8365238090277778 0.7009164287109375 0.7858110390625 0.7012627045898437 0.7769875937499999 0.70007021875 0.7676817907986111 0.6985159653320312 0.7620234253472222 0.6967207431640625 0.7614606762152778 0.6925727822265625 0.7686223029513889
0 0.62494595703125 0.7892626458333333 0.613617732421875 0.8021652578125 0.6121396826171875 0.8064029817708334 0.6116125224609374 0.8170501458333334 0.6310019594726562 0.8748396970486111 0.6348940859375 0.8755896571180556 0.63800133984375 0.8709224296875 0.63899619921875 0.8608919809027777 0.633850875 0.8461161380208333 0.6325828120117187 0.8349062248263889 0.6424478510742188 0.8234253680555556 0.6491442978515625 0.803899677951389 0.6478161489257812 0.7959616649305556 0.6436520712890625 0.7899553020833333 0.6359279047851563 0.7851834809027778 0.6267709091796875 0.7841934548611111 0.62494595703125 0.7892626458333333
0 0.5822341186523438 0.7293333715277778 0.581571296875 0.7413483246527778 0.5794143076171875 0.7444330121527778 0.5774388271484375 0.7536859618055556 0.5829769008789063 0.7751663888888889 0.5912288530273437 0.7772830243055555 0.59296336328125 0.7731256927083333 0.5946668920898438 0.7586163411458333 0.5895971450195312 0.7457446085069445 0.589806505859375 0.7223049913194445 0.5882373876953125 0.7194625946180556 0.5845565009765625 0.7192489565972222 0.5822341186523438 0.7293333715277778
0 0.5993587548828125 0.7619675199652778 0.597835484375 0.7666611736111111 0.5989523935546875 0.7740628654513889 0.6033122197265625 0.7754295407986111 0.6109453178710937 0.7731212404513889 0.6113820356445312 0.7633859348958334 0.6097373408203125 0.758639427951389 0.606961498046875 0.7572991796874999 0.60288848828125 0.7583729366319445 0.5993587548828125 0.7619675199652778
0 0.574048513671875 0.8038646345486111 0.5732494028320313 0.8092553958333333 0.573612421875 0.8215919201388888 0.579059427734375 0.8359922265624999 0.5813223500976562 0.8371716892361111 0.5822726142578125 0.8355891501736111 0.5873249921875 0.8193089322916667 0.595138974609375 0.8151769140625 0.5936299423828125 0.8090626189236111 0.5893302021484375 0.8044240442708334 0.575602140625 0.8015310208333334 0.574048513671875 0.8038646345486111
0 0.6507405395507813 1 0.6509093256835937 0.9967258715277778 0.6472271870117188 0.9805282734375 0.6454920502929687 0.9766936258680556 0.64442098828125 0.976827984375 0.6375876264648438 0.9817375026041666 0.6358686069335937 0.9910708446180555 0.636185779296875 0.9958713177083334 0.6366477514648438 1 0.6507405395507813 1
0 0.5123357670898437 0.8315300190972222 0.5101787778320312 0.8346147065972223 0.5032394833984375 0.8352600746527777 0.4952749736328125 0.8435758515625 0.48604302685546874 0.8486736944444444 0.48521356005859373 0.8517044157986111 0.488744544921875 0.8640937925347223 0.49435631689453124 0.863502390625 0.4977956083984375 0.8608196666666666 0.5009487094726562 0.863688490451389 0.5037703994140625 0.8725647890624999 0.5054299594726562 0.8744953263888889 0.5111173076171875 0.8758080355902778 0.5136967763671875 0.8737959921875 0.5198803022460937 0.8541095182291667 0.521342861328125 0.8446957838541667 0.5176303666992188 0.8261381449652778 0.5158952299804688 0.8223034965277778 0.5142660258789062 0.8227329999999999 0.5123357670898437 0.8315300190972222
0 0.497340361328125 1 0.49762536865234375 0.9985070416666666 0.5008682856445312 0.9924720251736111 0.503402533203125 0.9909159114583334 0.504337306640625 0.9841573611111111 0.500701640625 0.9834877942708334 0.498197123046875 0.9794119678819444 0.4833825083007813 0.9714772934027778 0.4762474653320313 0.9767623489583332 0.4736079111328125 0.9820462916666668 0.473171193359375 0.9917815963541666 0.474803294921875 0.9998148897569445 0.475393814453125 1 0.497340361328125 1
0 0.4721453515625 0.9914600260416666 0.4735930458984375 0.9848622612847221 0.473592419921875 0.97687028125 0.4673469296875 0.9758527161458334 0.45760206298828127 0.9807897734375 0.4534082548828125 0.9804153498263888 0.445926310546875 0.9865318723958334 0.44359586962890624 0.9900322925347221 0.46463844189453124 0.9966285112847222 0.46488951171875 0.995296900173611 0.4721453515625 0.9914600260416666
0 0.419539998046875 0.9646275069444444 0.4177893696289062 0.9556168489583333 0.416220251953125 0.952774453125 0.41080485498046876 0.9567181467013888 0.40753158203125 0.9603931223958333 0.40315751708984376 0.9698343967013889 0.4024339833984375 0.9771292682291666 0.41799533544921874 0.9820072881944445 0.41753416162109375 0.9715204166666668 0.419539998046875 0.9646275069444444
0 0.3099422373046875 0.9471956536458332 0.313743921875 0.9488574730902778 0.3147542724609375 0.9440030338541666 0.31419550439453126 0.9363061987847223 0.31644231005859375 0.9243176727430557 0.3131231904296875 0.9204565980902779 0.31190097412109374 0.916782734375 0.29636219921875 0.908150953125 0.29074980126953126 0.900750375 0.2823157138671875 0.8844734973958333 0.2762207509765625 0.8792721736111111 0.2717252626953125 0.8792732873263889 0.2651929560546875 0.8758152890625 0.2613454243164062 0.8666174184027777 0.258071525390625 0.8623004149305555 0.253802767578125 0.8680138602430555 0.2511855107421875 0.8690738472222223 0.243891255859375 0.8639666866319444 0.23939576708984375 0.8639677994791666 0.23716320068359376 0.8651483758680556 0.23648488720703126 0.8719873185763889 0.23888409814453124 0.8797909730902778 0.24251976416015625 0.8804605416666667 0.24535631884765624 0.8865208715277778 0.24415022021484376 0.896014998263889 0.244890498046875 0.909880095486111 0.2462638671875 0.9173621796874999 0.24959847802734375 0.9263992647569445 0.25732264453125 0.9311710850694445 0.25773335302734374 0.9317699348958334 0.28753974609375 0.941113349826389 0.3059441787109375 0.9421815425347222 0.3099422373046875 0.9471956536458332
0 0.22568006640625 0.8262908871527778 0.22614839208984375 0.8348995815972222 0.2285624677734375 0.8398872664930556 0.23262061279296875 0.8416294800347222 0.2334358408203125 0.8494067074652778 0.23437124072265625 0.8506401380208334 0.24192813623046874 0.8384357465277777 0.2423499892578125 0.8315164114583333 0.23773307666015625 0.8220773637152778 0.22999404541015625 0.8201215130208334 0.22568006640625 0.8262908871527778
0 0.3149864765625 0.8270196996527778 0.31320737109375 0.8396249401041667 0.31661755859375 0.8505661354166666 0.3192273828125 0.8509141328125 0.32403941796875 0.847721513888889 0.3257739282226563 0.8435641814236111 0.32587923486328124 0.8398363532986112 0.3232539194335938 0.8343123454861111 0.32200134765625 0.8282784427083334 0.31940638818359374 0.8251144756944444 0.317309484375 0.8249272638888888 0.3149864765625 0.8270196996527778