0 0.70173826171875 0.059613246527777775 0.7035924140625 0.0636838029513889 0.717999412109375 0.054737952256944444 0.7225515678710938 0.04860583506944444 0.7259720986328125 0.03946919270833334 0.7003431020507812 0.03468036458333333 0.701805140625 0.045194836805555555 0.70173826171875 0.059613246527777775
0 0.702979626953125 0.22463683333333334 0.7015213505859375 0.2271574296875 0.7026801967773437 0.2297015269097222 0.7067151538085937 0.23231751996527775 0.710369017578125 0.24137948697916667 0.7132723505859375 0.24099095399305556 0.7270244814453125 0.2254055564236111 0.7349435083007813 0.21990254600694445 0.7397134311523438 0.2100870138888889 0.7478774462890625 0.2004401623263889 0.7462550625 0.19687842534722222 0.7413614716796875 0.19549853559027777 0.7338367583007812 0.1899029097222222 0.7293250434570312 0.19092193923611112 0.7208475961914063 0.20144125173611113 0.716078455078125 0.22010167881944442 0.7132163447265625 0.22422201822916665 0.7096589267578125 0.22681589930555557 0.702979626953125 0.22463683333333334
0 0.69053019140625 0.17389726996527777 0.6843276494140625 0.16808318142361112 0.6798291538085938 0.16444955034722222 0.6748538999023438 0.16445094010416667 0.6727555405273438 0.17336911979166666 0.6744875903320312 0.18393404427083335 0.6784541040039063 0.18327865625 0.6828024936523438 0.1850221875 0.6902719833984375 0.1826937717013889 0.69053019140625 0.17389726996527777
0 0.6925687099609374 0.25900155381944445 0.6982143955078125 0.28752173350694443 0.6986927177734376 0.3015765017361111 0.7062298686523437 0.29367457204861114 0.7129223881835938 0.29120097743055556 0.7101823813476562 0.2888269496527778 0.7060922001953125 0.2782869157986111 0.7026148813476563 0.2618097265625 0.703282185546875 0.2549517170138889 0.7087606352539062 0.24200998350694444 0.7089231791992188 0.2304025277777778 0.70092092578125 0.21959702951388888 0.6968315263671875 0.21790189149305556 0.6945962802734374 0.22027730989583333 0.6898527958984375 0.22078751909722222 0.6799715146484375 0.23290657552083335 0.6792085454101563 0.23695363107638887 0.6800267387695312 0.24083061631944444 0.6859298500976563 0.2517093993055555 0.6925687099609374 0.25900155381944445
0 0.6845859321289063 0.3143025529513889 0.682377125 0.30737265017361115 0.6809048471679687 0.30570101302083336 0.6787784848632813 0.30623472309027777 0.677511537109375 0.3143772274305556 0.6718557602539063 0.32588928819444446 0.6723060791015625 0.3315595876736111 0.6771040053710937 0.33012852517361113 0.6839186279296875 0.32116056163194445 0.6845859321289063 0.3143025529513889
0 0.637638720703125 0.28458228472222225 0.6395200947265625 0.28819241493055553 0.6434593881835937 0.28799745312499997 0.6454084233398437 0.2860340685763889 0.6460757275390625 0.27917605902777776 0.645392857421875 0.2641520451388889 0.6558597802734375 0.24655626041666664 0.654714154296875 0.2393595017361111 0.6505290908203125 0.23485340972222224 0.642786609375 0.2329411987847222 0.6371300502929688 0.2356083637152778 0.6310239541015625 0.24145012413194447 0.6292110234375 0.24111137413194447 0.6295796791992188 0.2481629548611111 0.6375274907226562 0.25988930729166665 0.6383052431640625 0.2688793810763889 0.637638720703125 0.28458228472222225
0 0.6515876547851562 0.33653305902777775 0.6605014189453124 0.32749181163194446 0.6610326186523438 0.3229359366319444 0.6583734921875 0.31033573350694443 0.6477681186523437 0.30369896788194445 0.6386762456054688 0.30246564583333335 0.6369589790039063 0.3049378498263889 0.6378183940429687 0.3125466423611111 0.6424125541992187 0.3189912274305555 0.6465019536132812 0.32068636631944447 0.6503463642578124 0.32652534635416663 0.6515876547851562 0.33653305902777775
0 0.6239573793945312 0.32997374826388887 0.6271321396484375 0.31613605208333334 0.6370546435546875 0.3077488038194444 0.6378176123046875 0.30370174739583333 0.6363041118164062 0.29829830295138887 0.6319012807617187 0.29747562499999997 0.6257951845703125 0.30331738541666664 0.6210244794921875 0.3042880225694444 0.6163494389648437 0.30806961284722223 0.6147418383789063 0.31754500434027777 0.6163782236328125 0.32529897569444444 0.6185730297851563 0.3280366449652778 0.6239573793945312 0.32997374826388887
0 0.6407931484375 0.04077732204861111 0.6424567543945312 0.04807086631944444 0.6507996611328125 0.05754347829861111 0.6557749145507813 0.0575420876736111 0.6647026801757813 0.052693075520833334 0.6666649350585937 0.046077030381944446 0.6673866811523438 0.03829816666666666 0.666445603515625 0.03207065451388889 0.6632965 0.027758133680555557 0.6450315327148437 0.024345288194444443 0.6407651455078125 0.032392854166666665 0.6407931484375 0.04077732204861111
0 0.6285716474609375 0.1013379782986111 0.6287606293945313 0.08042520052083334 0.6217951181640625 0.07865816840277778 0.61964153515625 0.07965230642361111 0.6183473666992187 0.08825523697916667 0.6182120439453125 0.099402265625 0.621634138671875 0.10795541319444445 0.62493256640625 0.10531313975694444 0.6262002958984375 0.10601553038194445 0.6285716474609375 0.1013379782986111
0 0.6126223637695313 0.08765102256944445 0.6139981953125 0.07766681076388889 0.6076051064453125 0.07507571006944444 0.603584150390625 0.07665195225694445 0.5997265200195312 0.07546563368055555 0.595676779296875 0.05981251215277778 0.5893109106445312 0.056760985243055555 0.5847183149414062 0.06800618923611111 0.5837788012695313 0.07946846701388889 0.5870243505859375 0.09543683680555555 0.5923814794921874 0.09783436545138889 0.5984603549804688 0.09245303211805556 0.6042670200195313 0.09167596701388889 0.6126223637695313 0.08765102256944445
0 0.529958615234375 0.015412539930555556 0.5391197138671875 0.028762136284722222 0.537675439453125 0.035474967013888886 0.5367771479492187 0.05066905208333333 0.5383178686523438 0.055612070312500005 0.5451604946289063 0.05502857552083333 0.5487723540039062 0.05151384027777778 0.5512525893554687 0.044994580729166664 0.5462905551757813 0.04034331076388889 0.5436866533203125 0.035667149305555555 0.5459078979492188 0.029099496527777782 0.549356431640625 0.028347322916666664 0.5516188989257812 0.0255114765625 0.554434337890625 0.0074170234375 0.5302125986328124 0.0028911440972222225 0.529521515625 0.005089578993055555 0.529958615234375 0.015412539930555556
0 0.5591825639648438 0.16332009895833333 0.5650304521484375 0.16627484027777778 0.5664202846679688 0.16048286371527778 0.566883041015625 0.15265560763888888 0.5661877338867187 0.1511291484375 0.5609262690429687 0.15154257291666667 0.5557052451171876 0.14684290972222222 0.5457951787109375 0.14173260243055555 0.5423738662109375 0.1420243498263889 0.5402070634765626 0.1476711484375 0.5467922626953124 0.16472905208333333 0.5505410092773437 0.16775707725694444 0.5591825639648438 0.16332009895833333
0 0.5308437622070312 0.15988698958333333 0.5393484301757813 0.14890725000000002 0.5396066376953125 0.1401107482638889 0.5375751577148438 0.13461051822916667 0.533922076171875 0.13439344618055554 0.5305832080078124 0.14214880815972222 0.5258809458007813 0.14639082465277778 0.5235095952148437 0.1510683767361111 0.523469154296875 0.1561814652777778 0.524600779296875 0.15918598958333333 0.5281449770507812 0.16124476996527778 0.5308437622070312 0.15988698958333333
0 0.5756211171875 0.3148903515625 0.5802697192382813 0.3204140833333333 0.5903975532226563 0.3218409756944445 0.594472951171875 0.3193438802083333 0.5986432309570312 0.31081284288194444 0.5994054174804687 0.2979208923611111 0.5964196401367188 0.2908458107638889 0.5988998754882813 0.2843265512152778 0.5984907788085938 0.28238805815972223 0.5969640590820312 0.28163727517361115 0.5945448759765625 0.2849093498263889 0.5912258374023438 0.2856857204861111 0.5863866889648438 0.2833849765625 0.5825430600585938 0.2863908923611111 0.5796132880859375 0.2960847465277778 0.5735211938476562 0.3061187404513889 0.5756211171875 0.3148903515625
0 0.5338140493164063 0.300095921875 0.5340738212890624 0.30898921006944446 0.53966271875 0.3118955581597222 0.5536886235351562 0.3093956822916667 0.5565515161132812 0.3141202369791667 0.5583644462890625 0.3144589869791667 0.5628761616210938 0.31343995746527775 0.5662834731445312 0.30895597569444444 0.5677689702148437 0.305974953125 0.5698385444335937 0.27982741059027777 0.5634851137695313 0.26327832725694444 0.5617538466796875 0.26155829774305556 0.5603500122070313 0.26315803993055553 0.5594509384765625 0.2695072300347222 0.5528408642578125 0.27944443923611106 0.5515920732421875 0.28727983854166667 0.5488346918945313 0.2940578098958333 0.5352995463867187 0.2971148984375 0.5338140493164063 0.300095921875
0 0.5198658974609375 0.25699004253472224 0.5224285766601563 0.2579343984375 0.5248683715820313 0.25652822569444445 0.52723972265625 0.25185067361111113 0.5270071713867187 0.2424969592013889 0.5236807407226562 0.23675476475694446 0.5191962470703125 0.23731336718749999 0.5146160883789063 0.23506101649305558 0.5116855346679687 0.2359099756944444 0.5103501440429687 0.24078109982638887 0.5135132485351562 0.24928585503472223 0.51708466796875 0.25088420746527773 0.5198658974609375 0.25699004253472224
0 0.4962293564453125 0.2493149175347222 0.50067341015625 0.2538694027777778 0.5071481625976563 0.2550792230902778 0.5103649272460937 0.2538182282986111 0.510309703125 0.2458941875 0.5122175161132813 0.24019899565972225 0.5106083515625 0.2319845980902778 0.5107848969726563 0.22456937586805553 0.5129244790039063 0.21938300434027777 0.5213474838867187 0.2097845451388889 0.5218242421875 0.2061495234375 0.5191386767578124 0.20285464236111111 0.5157445849609374 0.20268596180555554 0.5122143876953125 0.20481941666666667 0.5059721875 0.21296331076388889 0.49761684375 0.21698825607638889 0.49490483935546875 0.2229986953125 0.49410143017578123 0.23215883854166666 0.4962293564453125 0.2493149175347222
0 0.4887175517578125 0 0.48642106103515625 0.007742974826388889 0.479293005859375 0.017583398437499998 0.47888469189453126 0.024489800347222222 0.48075284619140624 0.03275259114583333 0.48031731103515624 0.04011942013888889 0.4820757998046875 0.0413790234375 0.48350685498046875 0.03931885329861111 0.485441888671875 0.03316323524305556 0.4865050703125 0.032896379340277775 0.48594586767578124 0.02906778732638889 0.48782645947265624 0.023833022569444445 0.497039654296875 0.00972707986111111 0.499792880859375 0.00744844704861111 0.5003785224609375 0.00197171875 0.50108686328125 0 0.4887175517578125 0
0 0.41869487744140627 0.22318961979166665 0.4220353095703125 0.23312404774305553 0.423971125 0.23581332378472222 0.42938269580078126 0.23728999913194443 0.432858451171875 0.23607739930555555 0.44190831982421874 0.22473401909722224 0.446938015625 0.22381177430555554 0.45384830224609374 0.217654765625 0.4560555458984375 0.20689487934027778 0.4543102763671875 0.20098261545138887 0.44838072607421875 0.19940915451388888 0.4439646748046875 0.20323913715277778 0.4343548212890625 0.2019090295138889 0.43316875439453123 0.19982535850694444 0.4285069331054687 0.19895428819444444 0.4217599716796875 0.2023487361111111 0.4185299873046875 0.208262390625 0.41869487744140627 0.22318961979166665
0 0.4834906572265625 0.31862368229166665 0.4825355776367187 0.3082039357638889 0.478159185546875 0.2980759357638889 0.476467576171875 0.2823979236111111 0.47374078857421875 0.27537123524305557 0.47247305908203124 0.27466884375 0.47007448681640623 0.2798068229166667 0.4673632651367188 0.2946621579861111 0.4624027954101563 0.3077006770833333 0.4629487783203125 0.31618193055555555 0.46632965087890627 0.32100327170138887 0.4751353134765625 0.3226486267361111 0.4834906572265625 0.31862368229166665
0 0.4431278637695312 0.297116421875 0.442922533203125 0.28730228038194444 0.4459067470703125 0.2766875720486111 0.44339850927734376 0.2748223637152778 0.44154435595703123 0.2707518072916667 0.43742773583984373 0.26951709548611114 0.4337342138671875 0.27441311024305554 0.4314453076171875 0.28655427690972224 0.4313232041015625 0.29304864583333334 0.433559232421875 0.2995181215277778 0.4352905004882813 0.3012381519097222 0.439774994140625 0.30067954947916664 0.4431278637695312 0.297116421875
0 0.4220827880859375 0.3076150138888889 0.42225933349609374 0.30019979166666666 0.42048684326171876 0.2947479548611111 0.41777405712890625 0.2919135 0.4136302158203125 0.2911392152777778 0.4074556767578125 0.2937095954861111 0.40534253369140627 0.2895906449652778 0.40487977734375 0.29741790104166665 0.40648894140625 0.30563229861111113 0.41056512158203123 0.31198009809027777 0.41968421630859376 0.31275299305555554 0.4220827880859375 0.3076150138888889
0 0.4052826171875 0.228597234375 0.40758552490234373 0.2206483012152778 0.40562248828125 0.21841945225694445 0.40123209423828127 0.20409921875 0.3970882534179688 0.20332493402777777 0.3928767509765625 0.20812416319444446 0.39219544482421875 0.21078993836805554 0.39403637841796874 0.21951315625 0.39785356787109377 0.2258125625 0.3984127705078125 0.22964115538194443 0.4021615166015625 0.23266918229166667 0.4052826171875 0.228597234375
0 0.36046525927734374 0 0.3614673046875 0.008601800347222223 0.361004548828125 0.016429055555555558 0.3579791123046875 0.023311956597222225 0.35769368359375 0.032568885416666665 0.3611842216796875 0.044393413194444446 0.3707131948242188 0.0559496953125 0.3766443095703125 0.0752129470486111 0.3806520458984375 0.07828936631944444 0.3839776943359375 0.07518666493055555 0.38536752734375 0.06939468836805555 0.3781414619140625 0.049889473090277775 0.37998083154296874 0.04092290017361111 0.379353185546875 0.03382292708333333 0.3762577416992188 0.01974465798611111 0.3711588212890625 0.008550626736111112 0.3700584755859375 0 0.36046525927734374 0
0 0.34696698876953125 0.0412713828125 0.34478540185546874 0.033881052083333335 0.3412272021484375 0.027630038194444442 0.33221699169921876 0.025015436631944443 0.32688786572265627 0.031002375000000002 0.32271836767578127 0.04837830642361111 0.318030107421875 0.05681255815972222 0.3214249814453125 0.0658261328125 0.3397168305664062 0.05760617361111112 0.34610913720703124 0.05135237934027778 0.34696698876953125 0.0412713828125
0 0.316283423828125 0.3432422517361111 0.3184362255859375 0.33340321875 0.31889898193359373 0.3255759626736111 0.3173434775390625 0.3075958168402778 0.31990537548828124 0.29969527690972225 0.3224812744140625 0.2959869713541667 0.3215401962890625 0.28975945833333333 0.3149970009765625 0.2852782578125 0.305280609375 0.3123245425347222 0.3038363349609375 0.31903737326388887 0.303864337890625 0.32742184201388885 0.30539183935546876 0.3370175199652778 0.30770953076171875 0.34210571614583335 0.3141026201171875 0.34469681684027775 0.316283423828125 0.3432422517361111
0 0.741448126953125 0.8672501189236111 0.744420685546875 0.8789778619791666 0.7456347548828125 0.8894460008680556 0.7510595454101563 0.8862700156250001 0.7532807900390625 0.8797023637152778 0.758411548828125 0.7884894635416667 0.7573615869140625 0.7841036579861111 0.756093857421875 0.783401267361111 0.7496338891601563 0.7952285763888889 0.7400660400390625 0.8064751710069444 0.7358965419921875 0.8238511024305555 0.7355838916015625 0.8335684583333333 0.736729517578125 0.8407652170138888 0.7418284384765625 0.8519592491319444 0.741448126953125 0.8672501189236111
0 0.7140759848632813 0.6968784322916667 0.7150575034179687 0.6979928576388889 0.7205639560546875 0.6934355920138889 0.7311553286132813 0.6958801232638889 0.7366625634765624 0.7001677534722223 0.74106539453125 0.7009904314236111 0.746026646484375 0.6967968064236111 0.7490800854492188 0.6982983741319444 0.7521203051757812 0.7044526024305555 0.7537014663085938 0.7042825312500001 0.7551185205078125 0.6980301284722222 0.7544636533203125 0.6913905815972222 0.7499371547851562 0.6793724817708333 0.7431481884765625 0.6701902274305556 0.7361826772460938 0.6684231953124999 0.7319027314453125 0.6699510442708333 0.725687751953125 0.6776345121527778 0.7199355278320313 0.6774907239583334 0.7159277915039063 0.6744143046875001 0.7145239575195312 0.6760140477430556 0.7152332666015625 0.6817327404513889 0.7140759848632813 0.6968784322916667
0 0.7168034790039063 0.5577341423611111 0.7188629624023437 0.5716188402777778 0.724274533203125 0.5730955164930556 0.7290856791992187 0.5670117916666667 0.72678120703125 0.557270935763889 0.7187252939453125 0.5562311848958333 0.7168034790039063 0.5577341423611111
0 0.677100169921875 0.4409199236111111 0.6797445122070312 0.4404829982638889 0.6814757802734375 0.44220302864583333 0.68808663671875 0.4411107152777778 0.689121033203125 0.4236144965277778 0.6836277998046875 0.42351910069444443 0.6786113237304687 0.4197886840277778 0.67521566796875 0.40193021440972226 0.6695715463867188 0.3910998237847222 0.664051091796875 0.3914648550347222 0.6582996499023438 0.4001659618055556 0.6574285795898438 0.4148996197916667 0.6585337651367188 0.4272094670138889 0.6601561494140625 0.4307712039930556 0.6636459052734375 0.4337508376736111 0.6724243471679687 0.4358566197916667 0.677100169921875 0.4409199236111111
0 0.6498253310546875 0.4460648541666667 0.6527418833007812 0.44102366059027776 0.6476025219726562 0.43494271788194444 0.6429399184570312 0.42522675173611113 0.6437565473632813 0.4114139470486111 0.64181994921875 0.39987977604166663 0.6377297680664062 0.3893397430555556 0.6356578471679688 0.3889525998263889 0.6367894721679688 0.391957125 0.6362994951171875 0.40024480729166667 0.6307393818359375 0.4145678211805556 0.6310535961914062 0.4225402560763889 0.6416465322265625 0.4426745772569445 0.6455726059570313 0.4471322769097222 0.6498253310546875 0.4460648541666667
0 0.6507399702148438 0.46159768836805554 0.6477814135742187 0.45406217968749996 0.6360591987304688 0.45745801822916665 0.6332515302734375 0.4606575043402778 0.6322295712890625 0.4646561675347222 0.6326254482421875 0.4712473211805556 0.6353522358398438 0.47827400954861116 0.636824513671875 0.4799456467013889 0.6392370869140624 0.47899990190972225 0.6507399702148438 0.46159768836805554
0 0.6521695361328125 0.5968636024305556 0.6517192172851562 0.5911933029513888 0.6507921411132812 0.5891580243055556 0.6432269868164062 0.5886754861111112 0.6406510874023438 0.5923837925347222 0.6415377236328125 0.5995321579861111 0.6429555595703125 0.6021246493055555 0.647099400390625 0.6028989340277778 0.6511203564453125 0.6013226918402778 0.6521695361328125 0.5968636024305556
0 0.6267752895507812 0.5967737682291667 0.6229308784179688 0.5909347890625001 0.6175193076171875 0.5894581128472223 0.615979369140625 0.5933599895833334 0.61647091015625 0.6027620972222222 0.615162740234375 0.6071727942708334 0.6154769541015624 0.6151452282986111 0.6208745234375 0.6124296701388889 0.62662596484375 0.6037285633680556 0.6267752895507812 0.5967737682291667
0 0.676198193359375 0.8769371553819444 0.6730623095703125 0.8679719730902778 0.6713582626953125 0.8657915164930556 0.6673100859375 0.8678281857638889 0.6624997221679687 0.8827568046875 0.6623099575195313 0.8948246875000001 0.6653229565429688 0.9014393420138889 0.669725787109375 0.9022620199652778 0.677521146484375 0.8855635876736111 0.676198193359375 0.8769371553819444
0 0.5868963666992187 0.8062514140625 0.5850149926757813 0.8026412838541667 0.5801081826171876 0.8059140546875 0.5775602866210937 0.8180068289930555 0.5784469223632812 0.8251551944444445 0.5812958134765625 0.825687515625 0.5870472548828125 0.8169864088541667 0.5880964345703125 0.8125273194444445 0.5868963666992187 0.8062514140625
0 0.5831740590820312 0.7939180659722223 0.5878491000976562 0.7901364756944445 0.5906699877929688 0.7822843289930556 0.60372759375 0.7740173671875 0.60563540625 0.7683221753472221 0.6069575776367188 0.7681037126736111 0.61024200390625 0.7612692048611112 0.6105958759765625 0.75528365625 0.6091780405273437 0.7526911649305555 0.5959827661132813 0.7455704713541667 0.5954367827148438 0.7370892178819445 0.5910339516601563 0.7362665399305555 0.588798705078125 0.7386419583333333 0.5878724106445312 0.7454515746527778 0.583470361328125 0.7534737916666666 0.58111301171875 0.762343578125 0.5813331254882812 0.7851948480902777 0.582723740234375 0.788247765625 0.5831740590820312 0.7939180659722223
0 0.5334923149414063 0.8237380338541667 0.5377582592773438 0.8180179513888889 0.5374712661132812 0.8095850902777778 0.53334064453125 0.8041581440972222 0.5302047607421875 0.7951929626736111 0.528105619140625 0.7952662473958333 0.5256526049804687 0.8013250798611111 0.5278886337890625 0.8077945564236111 0.524168671875 0.8219958932291667 0.5303027709960938 0.8245386006944444 0.5334923149414063 0.8237380338541667
0 0.5520803911132812 0.6200579270833333 0.5493131635742188 0.6181443255208333 0.5483728676757812 0.6207617083333333 0.5471199213867187 0.6330964461805555 0.5478292299804688 0.6388151388888889 0.5525454936523437 0.6387653550347223 0.5544533061523438 0.6330701640625 0.5541935341796875 0.6241768767361111 0.5520803911132812 0.6200579270833333
0 0.5388034541015625 0.6143185138888889 0.5404126186523438 0.6225329114583333 0.5445564594726563 0.6233071961805555 0.5462052827148437 0.6175636119791666 0.5455504155273437 0.6109240651041667 0.543042177734375 0.6090588567708334 0.5388034541015625 0.6143185138888889
0 0.5181667680664063 0.7729265772569445 0.5280216098632813 0.7701128428819444 0.5299978662109375 0.7676890321180555 0.5309786025390625 0.7599585616319444 0.5292605541992188 0.7535858706597223 0.5302552919921875 0.7500476345486111 0.5343166884765626 0.7433583055555555 0.539169056640625 0.7410063880208333 0.53852819140625 0.7385590755208333 0.5320938798828125 0.7322361675347222 0.5272002890625 0.7308562777777777 0.5201943374023438 0.7342023324652778 0.515900390625 0.7315379479166667 0.514033017578125 0.7321200512152778 0.5130927216796874 0.7347374340277777 0.5120178852539062 0.7573467404513888 0.5139132607421875 0.7651491041666667 0.5181667680664063 0.7729265772569445
0 0.5075092983398437 0.7937453489583333 0.5135197299804688 0.7850926354166667 0.5139280444335937 0.7781862326388889 0.5113645825195312 0.7683969835069444 0.5079564887695313 0.7640360694444444 0.5057132641601563 0.7532592526041666 0.5061824345703125 0.7408944427083334 0.5044239462890625 0.7396348394097223 0.49793597509765625 0.7430776796875 0.49597372021484376 0.7496937248263889 0.4948576611328125 0.7685712239583333 0.49271886083984373 0.782602490451389 0.4972725805664063 0.7941601640625 0.49900384814453125 0.7958801935763888 0.5075092983398437 0.7937453489583333
0 0.5047474692382813 0.6987301388888889 0.5020751235351563 0.6907825954861111 0.49640456298828123 0.6892575269097222 0.49212461669921875 0.6907853767361112 0.48811766259765627 0.6965538515624999 0.489045521484375 0.7074340251736111 0.4972383212890625 0.7150165364583334 0.50206346875 0.7131250460069444 0.5040257231445312 0.7065090008680556 0.5047474692382813 0.6987301388888889
0 0.5391712529296875 0.45750932465277777 0.5412431733398437 0.45789646701388886 0.5458365512695312 0.45549615798611115 0.547853248046875 0.4479592586805556 0.5495705141601562 0.44548705468750005 0.5543956616210938 0.44359556423611113 0.559834453125 0.44461181336805555 0.56017432421875 0.43443403125 0.5586608237304688 0.42903058593750004 0.5511323115234374 0.4308824609375 0.54528900390625 0.4293251137152778 0.5387730297851563 0.42438348697916667 0.5349566220703125 0.4269289748263889 0.529981369140625 0.4269303654513889 0.5283869877929688 0.4317530954861111 0.5313735473632812 0.4476730720486111 0.5391712529296875 0.45750932465277777
0 0.4713430732421875 0.4443699826388889 0.4765508784179687 0.4537223072916666 0.4812687055664063 0.4713623133680555 0.48816733740234375 0.48754775607638895 0.492870380859375 0.49215063281250004 0.4990721416015625 0.4891198263888889 0.50077540625 0.4824553880208333 0.4994392333984375 0.47848161805555556 0.4994252314453125 0.4742893836805555 0.5024094453125 0.46367467534722223 0.5026404326171875 0.45533860069444443 0.5013174794921875 0.44671216840277783 0.4996678740234375 0.4436108576388889 0.49583746484375 0.44196411197916663 0.4901264638671875 0.4455521302083334 0.48280629833984373 0.4409257517361111 0.47990218359375 0.4324693897569445 0.4790427685546875 0.42486059722222225 0.4729226708984375 0.4265101232638889 0.4705925424804687 0.4349194826388889 0.4713430732421875 0.4443699826388889
0 0.45940700146484376 0.4956737092013889 0.46160180712890625 0.49841137934027774 0.46344195849609376 0.4982897022569444 0.4657588681640625 0.4945330034722222 0.47351456884765625 0.4917925538194445 0.4760360263671875 0.4890051006944445 0.4788841352539063 0.4806925269097222 0.48965205224609376 0.4757218368055556 0.491750412109375 0.4668036579861112 0.487538126953125 0.4627579921875 0.48597018505859374 0.4582754019097222 0.48417125634765623 0.4621288862847222 0.4831352958984375 0.4619353151041667 0.481799123046875 0.4579615434027777 0.473742427734375 0.4480768984375 0.4711253056640625 0.44805339756944446 0.4694352607421875 0.4500651744791667 0.4645836748046875 0.46126198611111113 0.45940700146484376 0.4956737092013889
0 0.4406383193359375 0.3525128168402778 0.4375444404296875 0.35612433680555555 0.437013240234375 0.3606802126736111 0.4388673935546875 0.3647507690972222 0.4468416435546875 0.36717179947916667 0.45110758837890624 0.3614517161458333 0.45027539453125 0.35338249739583333 0.4406383193359375 0.3525128168402778
0 0.27656626318359373 0.532267546875 0.28166518359375 0.543461578125 0.2877860634765625 0.5506569470486111 0.2893812265625 0.5546791111111111 0.28951811328125 0.5612218723958333 0.2938260625 0.5680784904513889 0.2958031005859375 0.5744995746527778 0.29813401123046873 0.5749351102430555 0.29856954638671873 0.5675682803819444 0.29655128564453126 0.5574153897569444 0.29683671484375 0.5481584618055556 0.2933593955078125 0.5316812717013888 0.310027296875 0.5022097855902777 0.32345277685546875 0.4921495095486111 0.32590579052734375 0.4860906770833333 0.32647743017578124 0.4764217135416666 0.326258880859375 0.47126023437500003 0.30173805029296874 0.48297142621527783 0.29479976025390625 0.4807439670138889 0.2915557744140625 0.48246538715277776 0.28550412060546876 0.48738629427083335 0.27724522314453126 0.5030670868055556 0.2752557475585938 0.5101435590277777 0.27656626318359373 0.532267546875
0 0.3247912954101563 0.5226579661458334 0.32519882763671876 0.5069066684027779 0.3223499365234375 0.5063743472222222 0.3203464594726563 0.5092585859375 0.31347661279296873 0.5103025069444445 0.3104099545898438 0.5134536006944445 0.3098787543945313 0.5180094756944444 0.3204569072265625 0.5251066684027778 0.32277459912109374 0.5301948645833333 0.3247912954101563 0.5226579661458334
0 0.3914692314453125 0.6305470538194444 0.39166056005859373 0.6361689609375 0.397043771484375 0.6263130069444444 0.40256380029296873 0.6200512421875 0.40650231103515627 0.6110113854166667 0.407919365234375 0.6047589817708334 0.40764559130859374 0.5916734600694444 0.4096895087890625 0.5836761345486111 0.41525040380859374 0.5781980147569444 0.4133278076171875 0.570856078125 0.4068934956054687 0.5645331701388889 0.40531233447265624 0.5647032404513889 0.39904369482421875 0.5821524557291666 0.38783946044921874 0.5856450798611111 0.3853180029296875 0.5884325329861111 0.3843644873046875 0.5957025755208334 0.3861245400390625 0.6146519678819444 0.3914692314453125 0.6305470538194444
0 0.356274583984375 0.6323500998263889 0.3705726982421875 0.6252459557291666 0.3728343833007812 0.6135652152777777 0.3729969267578125 0.6019577604166666 0.37399166455078126 0.5984195234374999 0.368457208984375 0.5945923211805556 0.365376548828125 0.5935511814236112 0.36372772607421877 0.5992947647569444 0.35996576025390625 0.6009194001736111 0.35846626171875 0.5997081892361111 0.3564083422851563 0.60351328125 0.35354701416015627 0.616478515625 0.3545977583007813 0.6297092161458333 0.356274583984375 0.6323500998263889
0 0.34034477685546877 0.6847696423611112 0.3496536357421875 0.6734746536458334 0.3549695419921875 0.672140376736111 0.35559640625 0.6703954539930556 0.3544095576171875 0.6594668888888889 0.35199620166015627 0.6515677387152778 0.34703416796875 0.6469164687500001 0.33964477734375 0.6301738142361111 0.33832260546875 0.6303922769097222 0.3338388935546875 0.6397957743055556 0.33374401123046876 0.6458297152777778 0.33563938623046874 0.653632079861111 0.334658650390625 0.6613625503472222 0.3358042763671875 0.6685593090277778 0.3388724990234375 0.6830980052083333 0.34034477685546877 0.6847696423611112
0 0.3338319306640625 0.71520759375 0.3424462641601563 0.7112310416666667 0.3426228095703125 0.7038158203125 0.3403859990234375 0.6885014487847223 0.3439970766601563 0.6761418194444445 0.3391975859375 0.6598830928819445 0.33235496044921875 0.6604665876736111 0.3308142392578125 0.6555235694444445 0.3284833286132812 0.6550880347222222 0.32562121875 0.6592083741319444 0.3257588872070312 0.6745960303819445 0.330217724609375 0.6921876440972222 0.3315274584960938 0.7054667369791666 0.3338319306640625 0.71520759375
0 0.2649421337890625 0.7200248967013888 0.27596825927734375 0.7062577057291667 0.2767988896484375 0.6966371354166667 0.27529782666015623 0.6777361345486111 0.27323834375 0.6638514375 0.27036144970703124 0.6549346484375 0.2685485190429687 0.6545958984375 0.26617716796875 0.6592734505208333 0.2635880493164062 0.6676344175347223 0.26255287109375 0.6762857413194445 0.24910329833984374 0.7221860234375 0.25714521044921873 0.7190335390625 0.26252956005859374 0.7209706423611111 0.2649421337890625 0.7200248967013888
0 0.31043341552734377 0.7788004470486112 0.30983455419921874 0.7889298359375 0.3120978037109375 0.7949388862847222 0.31595543359375 0.7961252057291667 0.34355379638671873 0.7500755737847222 0.3446978579101562 0.7395825425347222 0.343934107421875 0.734784703125 0.3350452177734375 0.7168308385416666 0.3340769189453125 0.7110637526041667 0.32512114990234375 0.7075282977430555 0.31695635302734376 0.7083302543402777 0.312022322265625 0.7120634522569445 0.3095148662109375 0.7190431380208334 0.3129245234375 0.7410938420138888 0.3206273466796875 0.7569640355902778 0.31767035400390625 0.7671183168402778 0.31043341552734377 0.7788004470486112
0 0.38622802490234376 0.7059118715277778 0.3857637041015625 0.6960493368055556 0.3841685415039062 0.6920271727430555 0.3853942666015625 0.6801528611111112 0.38472539794921873 0.6693210815972223 0.381153978515625 0.6677227282986111 0.379204943359375 0.6696861128472222 0.37577197509765625 0.6923203098958334 0.36890291015625 0.7022091258680556 0.368290830078125 0.7169911762152777 0.36931357080078125 0.7218374079861111 0.3775740322265625 0.7238464053819444 0.38622802490234376 0.7059118715277778
0 0.36387321533203126 0.7031313697916667 0.3610375439453125 0.6979463880208333 0.35728879736328123 0.6949183619791667 0.354412685546875 0.6948464678819444 0.3520957763671875 0.6986031666666667 0.35100615625 0.70817534375 0.3579856684570312 0.7141346102430556 0.3623885 0.7149572881944445 0.3646097446289063 0.7083896354166667 0.36387321533203126 0.7031313697916667
0 0.3793776533203125 0.7730622907986111 0.3816393388671875 0.7613815503472222 0.38170700048828127 0.7558080355902779 0.38057537548828124 0.7528035104166667 0.36693056396484375 0.7488574114583333 0.3620781962890625 0.751209328125 0.35967962451171875 0.7563473072916667 0.3665502529296875 0.7641482821180555 0.3688827275390625 0.7822736067708334 0.36955081396484374 0.7842604921874999 0.37190894580078127 0.7842356006944444 0.3793776533203125 0.7730622907986111
0 0.2811271708984375 0.933461021701389 0.289904048828125 0.9178770130208334 0.29220695654296874 0.9099280807291668 0.29325613623046876 0.9054689913194444 0.2930508056640625 0.8956548498263888 0.2872433583984375 0.8875870199652778 0.286234619140625 0.8869330225694445 0.28397215185546876 0.8897688671875 0.27792127978515624 0.9035346692708335 0.27616435546875 0.9199648559027778 0.27083601123046874 0.9347966892361111 0.27424410498046875 0.9391576032986111 0.27691566845703125 0.9382602508680554 0.2811271708984375 0.933461021701389
0 0.36814940087890624 0.9674107934027778 0.36465964501953124 0.9644311605902778 0.36260094384765623 0.9593913567708334 0.3564940659179687 0.9563882230902778 0.35299108935546875 0.9580612508680555 0.35131504638671873 0.9642652612847223 0.35039600830078127 0.9748003385416667 0.37211830419921876 0.9788591927083333 0.372402908203125 0.9751882664930557 0.36814940087890624 0.9674107934027778
0 0.438610974609375 0.8562846822916667 0.442699591796875 0.8491349262152778 0.4461753466796875 0.8479223246527777 0.4490654599609375 0.852186453125 0.45436814697265626 0.8555048368055556 0.45968327099609374 0.8453256640625 0.45935583740234376 0.8420058897569445 0.45127192138671873 0.8325816727430556 0.4449052709960937 0.8206852499999999 0.4383348544921875 0.8166644756944444 0.43673969189453127 0.8126423116319444 0.4362481508789062 0.8032402048611111 0.43474865234375 0.8020289939236112 0.43248618505859376 0.8048648394097222 0.4260402177734375 0.8208843828125 0.42598655810546876 0.8306501310763889 0.4288782353515625 0.8526040486111112 0.4310458203125 0.8558021449652777 0.436716380859375 0.8573272126736111 0.438610974609375 0.8562846822916667
0 0.4506303486328125 0.9763053385416666 0.44891230029296875 0.9699326475694444 0.442873083984375 0.9613559982638888 0.4274021225585937 0.9617238107638888 0.424362685546875 0.9644144774305556 0.420764044921875 0.9632765512152778 0.420614720703125 0.9702313454861111 0.4228095263671875 0.972969015625 0.42499111328125 0.9803593454861113 0.42521833935546877 0.9887810390625 0.4467263217773437 0.9927998480902779 0.449540728515625 0.9858775164930554 0.4506303486328125 0.9763053385416666
0 0.47030037548828124 0.9846358524305556 0.4662109755859375 0.9829407135416667 0.45760907958984376 0.9734197109375001 0.451447759765625 0.9713374296874999 0.450208033203125 0.9790195069444445 0.45057668896484376 0.9860710876736112 0.45695655810546876 0.9933148480902777 0.4569914409179687 0.9947179053819445 0.47824157666015626 0.9986885355902777 0.4765441396484375 0.9941817482638888 0.47030037548828124 0.9846358524305556
0 0.5201911455078125 1 0.52024501953125 0.9990887526041666 0.51750423046875 0.9878698289930556 0.514927548828125 0.9827332404513888 0.5103333891601562 0.9762886553819445 0.5083843540039062 0.9782520390625 0.5053044755859375 0.9860557934027777 0.5061638911132812 0.9936645876736111 0.5048335952148437 1 0.5201911455078125 1
0 0.6847325751953125 1 0.6848506967773438 0.9963287057291667 0.688516998046875 0.9918931171875001 0.6921156381835938 0.9930310425347222 0.6956318334960937 0.9867053541666666 0.6960401479492188 0.9797989522569446 0.6940771108398438 0.9775701024305555 0.6897559423828125 0.9753661449652777 0.6819524096679688 0.9767011180555555 0.6796008872070313 0.9743996788194446 0.6763833408203125 0.9668157777777778 0.6725669331054688 0.9693612656249999 0.66744235546875 0.9763174513888888 0.6606269501953125 0.9764405182291667 0.6563057822265626 0.9742365607638889 0.6496404833984375 0.9762497274305555 0.639009453125 0.9877631788194444 0.6324670400390625 0.9921268732638888 0.6161918872070312 0.9928099322916667 0.6144473999023438 0.9957425642361112 0.6106582133789062 0.9978276258680556 0.6107100048828125 1 0.6847325751953125 1
0 0.7113182158203125 0.9561194435763889 0.7131031435546875 0.948073724826389 0.7099128178710937 0.9400293967013889 0.7021703364257813 0.9381171857638889 0.6962687885742187 0.9449281927083333 0.695601484375 0.9517862013888888 0.700973396484375 0.9672208602430555 0.702063798828125 0.9664935781249999 0.7040532744140625 0.9594171059027777 0.7082243369140625 0.9597309635416666 0.7113182158203125 0.9561194435763889
0 0.6219246352539063 0.9268472222222223 0.6268991064453125 0.9180009375 0.6271433129882813 0.9050122013888888 0.6252347182617187 0.9018624982638889 0.6231900185546875 0.9010149296874999 0.6202050229492188 0.9027847421875 0.6180654409179688 0.9079711137152778 0.6146853505859375 0.9119946692708333 0.6142085927734375 0.9156296901041667 0.6152313334960937 0.9204759227430556 0.6193619555664063 0.9259028680555557 0.6219246352539063 0.9268472222222223