0 0.19348958349609374 0.14722222222222223 0.196875 0.1527777777777778 0.20234375 0.15740740711805556 0.20598958349609375 0.1657407404513889 0.21223958349609376 0.1856481484375 0.20390625 0.18796296267361112 0.203125 0.19305555555555556 0.20520833349609374 0.1981481484375 0.20807291650390625 0.1995370373263889 0.21223958349609376 0.19861111111111113 0.22447916650390626 0.1907407404513889 0.23255208349609374 0.1893518515625 0.23463541650390626 0.1856481484375 0.228125 0.1611111111111111 0.22421875 0.15370370399305555 0.21875 0.1486111111111111 0.20885416650390626 0.14537037065972222 0.20260416650390625 0.13981481510416666 0.19322916650390626 0.12592592621527776 0.18932291650390626 0.12638888888888888 0.18671875 0.1393518515625 0.1828125 0.14212962934027776 0.18984375 0.14398148177083334 0.19348958349609374 0.14722222222222223
0 0.16614583349609374 0.12592592621527776 0.17161458349609374 0.12037037065972221 0.17395833349609374 0.11666666666666667 0.17760416650390626 0.10555555555555556 0.17838541650390624 0.09583333333333334 0.17604166650390626 0.08182870399305556 0.17708333349609376 0.06574074045138889 0.17578125 0.0518518515625 0.171875 0.04768518489583333 0.16953125 0.04074074045138889 0.16614583349609374 0.037500000000000006 0.16458333349609375 0.04074074045138889 0.165625 0.04768518489583333 0.16484375 0.08009259288194444 0.15963541650390625 0.09490740711805555 0.15208333349609374 0.09907407378472222 0.15078125 0.1018518515625 0.15052083349609374 0.10787037065972221 0.15416666650390626 0.12175925954861112 0.1609375 0.1268518515625 0.16614583349609374 0.12592592621527776
0 0.30989583349609373 0.14074074045138887 0.3208333334960938 0.14722222222222223 0.3234375 0.1518518515625 0.32526041650390625 0.15787037065972223 0.3247395834960938 0.16990740711805555 0.32630208349609374 0.17222222222222222 0.3276041665039062 0.16990740711805555 0.3286458334960938 0.16249999999999998 0.33333333349609373 0.15509259288194444 0.3328125 0.15000000000000002 0.32265625 0.12731481510416665 0.31875 0.11388888888888887 0.31276041650390624 0.10648148177083333 0.30651041650390626 0.09305555555555556 0.3046875 0.09629629600694445 0.30442708349609376 0.10509259288194445 0.30208333349609373 0.11898148177083333 0.303125 0.1268518515625 0.30989583349609373 0.14074074045138887
0 0.30494791650390624 0.2245370373263889 0.3041666665039062 0.21759259288194444 0.3046875 0.20972222222222223 0.30260416650390626 0.1967592595486111 0.29765625 0.19722222222222222 0.29505208349609374 0.20879629600694444 0.2934895834960938 0.21712962934027777 0.29401041650390625 0.22592592621527777 0.29921875 0.22870370399305553 0.30494791650390624 0.2245370373263889
0 0.33177083349609376 0.20972222222222223 0.33411458349609374 0.2106481484375 0.33619791650390624 0.20879629600694444 0.34166666650390626 0.19722222222222222 0.34505208349609373 0.18472222222222223 0.36041666650390625 0.17175925954861113 0.36822916650390625 0.16944444444444443 0.36302083349609376 0.15694444444444444 0.3609375 0.14537037065972222 0.3598958334960938 0.15046296267361112 0.35442708349609375 0.15879629600694445 0.34557291650390626 0.16666666666666666 0.34166666650390626 0.16620370399305556 0.33385416650390626 0.15787037065972223 0.32734375 0.15879629600694445 0.32213541650390626 0.17407407378472223 0.32161458349609373 0.18148148177083334 0.32317708349609375 0.18518518489583335 0.32395833349609376 0.19351851822916666 0.33177083349609376 0.20972222222222223
0 0.38463541650390626 0.2143518515625 0.38776041650390625 0.21296296267361112 0.38645833349609376 0.20462962934027776 0.38072916650390626 0.19351851822916666 0.37682291650390626 0.19305555555555556 0.37317708349609374 0.1976851848958333 0.37239583349609373 0.2004629626736111 0.37291666650390626 0.20416666666666666 0.37760416650390627 0.20555555555555557 0.38463541650390626 0.2143518515625
0 0.34166666650390626 0.2986111111111111 0.34557291650390626 0.2972222222222222 0.35130208349609376 0.28194444444444444 0.35625 0.2796296293402778 0.36510416650390626 0.2791666666666667 0.36692708349609376 0.2754629626736111 0.36640625 0.26851851822916667 0.36510416650390626 0.2652777777777778 0.36119791650390626 0.26481481510416666 0.35286458349609373 0.2675925928819444 0.34192708349609374 0.25092592621527776 0.33802083349609374 0.25370370399305553 0.3359375 0.2615740737847222 0.33567708349609376 0.2754629626736111 0.33776041650390626 0.28518518489583333 0.34166666650390626 0.2953703706597222 0.34166666650390626 0.2986111111111111
0 0.38072916650390626 0.2759259262152778 0.38385416650390625 0.2671296293402778 0.384375 0.2597222222222222 0.3872395834960938 0.2523148151041667 0.39270833349609374 0.24907407378472224 0.38671875 0.23425925954861113 0.38411458349609373 0.23379629600694443 0.37734375 0.23981481510416666 0.37473958349609376 0.2592592595486111 0.375 0.2754629626736111 0.3765625 0.2782407404513889 0.38072916650390626 0.2759259262152778
0 0.38046875 0.3143518515625 0.3859375 0.31620370399305553 0.3901041665039062 0.3125 0.39140625 0.30833333333333335 0.39192708349609373 0.2986111111111111 0.38385416650390625 0.29444444444444445 0.378125 0.2777777777777778 0.37578125 0.27685185156250003 0.37291666650390626 0.28009259288194444 0.37291666650390626 0.2879629626736111 0.37682291650390626 0.2981481484375 0.37786458349609375 0.30648148177083334 0.38046875 0.3143518515625
0 0.21822916650390625 0.29259259288194445 0.22369791650390625 0.30000000000000004 0.22838541650390626 0.2990740737847222 0.23229166650390626 0.2953703706597222 0.23671875 0.2796296293402778 0.23619791650390626 0.2708333333333333 0.23255208349609374 0.25555555555555554 0.22864583349609374 0.25277777777777777 0.22421875 0.2523148151041667 0.22083333349609374 0.2546296293402778 0.21666666650390626 0.26666666666666666 0.21276041650390626 0.2634259262152778 0.20859375 0.2638888888888889 0.20494791650390626 0.2712962960069445 0.20338541650390626 0.275 0.20416666650390625 0.27870370399305555 0.21223958349609376 0.29027777777777775 0.21822916650390625 0.29259259288194445
0 0.26354166650390626 0.3328703706597222 0.26796875 0.3259259262152778 0.2661458334960938 0.32037037065972224 0.26640625 0.31805555555555554 0.26354166650390626 0.3143518515625 0.25182291650390626 0.31620370399305553 0.2515625 0.3287037039930556 0.25234375 0.33240740711805555 0.2572916665039062 0.3337962960069445 0.26354166650390626 0.3328703706597222
0 0.26458333349609375 0.3884259262152778 0.26536458349609376 0.37870370399305553 0.26171875 0.3685185182291667 0.26067708349609375 0.35833333333333334 0.25755208349609376 0.3439814817708333 0.25182291650390626 0.34259259288194444 0.25104166650390625 0.3541666666666667 0.25234375 0.3611111111111111 0.25208333349609374 0.3680555555555556 0.24375 0.3768518515625 0.24270833349609375 0.3884259262152778 0.24947916650390625 0.3953703706597222 0.25598958349609374 0.3958333333333333 0.26458333349609375 0.3884259262152778
0 0.21197916650390625 0.4861111111111111 0.21276041650390626 0.4939814817708334 0.22005208349609376 0.49953703732638893 0.22578125 0.49768518489583335 0.23229166650390626 0.4800925928819445 0.23619791650390626 0.4819444444444445 0.24479166650390624 0.4819444444444445 0.24739583349609376 0.47870370399305556 0.24635416650390626 0.4666666666666667 0.24401041650390626 0.46064814843749996 0.24010416650390626 0.45694444444444443 0.23802083349609374 0.4662037039930556 0.23567708349609376 0.4712962960069444 0.23177083349609376 0.4680555555555556 0.23098958349609375 0.4620370373263889 0.22916666650390624 0.4583333333333333 0.21666666650390626 0.4546296293402778 0.209375 0.45879629600694444 0.203125 0.45648148177083336 0.196875 0.45879629600694444 0.19340286474609375 0.46682083333333335 0.18880208349609376 0.4712962960069444 0.18932291650390626 0.47500000000000003 0.19427083349609375 0.47361111111111115 0.20911458349609374 0.48055555555555557 0.21197916650390625 0.4861111111111111
0 0.2953125 0.46249999999999997 0.29869791650390626 0.46574074045138886 0.30755208349609375 0.4523148151041667 0.30885416650390624 0.4453703706597223 0.30546875 0.4305555555555556 0.30651041650390626 0.4199074071180556 0.303125 0.41805555555555557 0.29869791650390626 0.41805555555555557 0.29791666650390625 0.41944444444444445 0.29869791650390626 0.4287037039930556 0.29661458349609376 0.43842592621527776 0.29479166650390626 0.45648148177083336 0.2953125 0.46249999999999997
0 0.30234375 0.49490740711805553 0.3052083334960938 0.49444444444444446 0.30677083349609374 0.4921296293402777 0.30755208349609375 0.48564814843750004 0.30651041650390626 0.48101851822916664 0.29947916650390627 0.4671296293402778 0.29453125 0.46759259288194444 0.29166666650390627 0.47175925954861114 0.29192708349609375 0.47824074045138887 0.29661458349609376 0.4833333333333333 0.29947916650390627 0.4912037039930556 0.30234375 0.49490740711805553
0 0.36979166650390627 0.36990740711805553 0.371875 0.3763888888888889 0.37760416650390627 0.38055555555555554 0.38385416650390625 0.3902777777777778 0.38854166650390626 0.3856481484375 0.3911458334960938 0.3768518515625 0.39088541650390624 0.3587962960069444 0.3890625 0.3518518515625 0.38385416650390625 0.3453703706597222 0.3765625 0.3453703706597222 0.37291666650390626 0.3513888888888889 0.36901041650390626 0.34768518489583333 0.36796875 0.34861111111111115 0.3677083334960938 0.3513888888888889 0.36979166650390627 0.3553240737847222 0.3705729165039062 0.3611111111111111 0.36979166650390627 0.36990740711805553
0 0.37109375 0.42962962934027776 0.37560755224609377 0.4310185182291667 0.3796875 0.4351851848958333 0.3828125 0.45879629600694444 0.38463541650390626 0.46111111111111114 0.38958333349609375 0.45972222222222225 0.390625 0.4495370373263889 0.38776041650390625 0.42500000000000004 0.3901041665039062 0.41944444444444445 0.3901041665039062 0.4162037039930555 0.3890625 0.4083333333333333 0.3861979165039062 0.4027777777777778 0.384375 0.4004629626736111 0.36953125 0.3995370373263889 0.3609375 0.4125 0.36015625 0.41574074045138887 0.36119791650390626 0.41805555555555557 0.36484375 0.41898148177083333 0.37109375 0.42962962934027776
0 0.3510416665039062 0.5069444444444444 0.35390625 0.5087962960069444 0.35833333349609375 0.5023148151041666 0.3588541665039062 0.49583333333333335 0.36197916650390627 0.49027777777777776 0.36223958349609375 0.48564814843750004 0.36119791650390626 0.4814814817708333 0.35833333349609375 0.47777777777777775 0.353125 0.4791666666666667 0.35026041650390627 0.48564814843750004 0.3510416665039062 0.49351851822916665 0.35026041650390627 0.5018518515625 0.3510416665039062 0.5069444444444444
0 0.33880208349609375 0.5194444444444444 0.34192708349609374 0.5337962960069444 0.34557291650390626 0.5379629626736111 0.35078125 0.5384259262152777 0.36015625 0.5328703706597222 0.36223958349609375 0.5245370373263889 0.36223958349609375 0.5129629626736111 0.36119791650390626 0.5074074071180555 0.35677083349609373 0.5083333333333333 0.35338541650390626 0.5055555555555555 0.34895833349609373 0.5092592595486111 0.34479166650390625 0.5097222222222223 0.34166666650390626 0.5064814817708334 0.3354166665039062 0.49259259288194446 0.33333333349609373 0.4921296293402777 0.33177083349609376 0.4972222222222222 0.33203125 0.5032407404513889 0.33359375 0.5092592595486111 0.33880208349609375 0.5194444444444444
0 0.19973958349609375 0.5717592595486111 0.20104166650390626 0.5680555555555555 0.20052083349609376 0.5564814817708333 0.19635416650390625 0.5476851848958333 0.18880208349609376 0.5430555555555556 0.1859375 0.5467592595486112 0.18515625 0.5518518515625 0.18489583349609376 0.5564814817708333 0.18776041650390626 0.5699074071180555 0.19296875 0.5740740737847223 0.19973958349609375 0.5717592595486111
0 0.2171875 0.5754629626736111 0.22083333349609374 0.5717592595486111 0.22604166650390625 0.5754629626736111 0.23229166650390626 0.5870370373263889 0.23619791650390626 0.5870370373263889 0.240625 0.5828703706597222 0.24479166650390624 0.5828703706597222 0.2453125 0.5796296293402778 0.24401041650390626 0.5773148151041667 0.24036458349609374 0.5745370373263889 0.24010416650390626 0.5726851848958333 0.23802083349609374 0.5740740737847223 0.23489583349609375 0.5712962960069444 0.22604166650390625 0.5564814817708333 0.22447916650390626 0.5518518515625 0.22135416650390624 0.5513888888888889 0.21666666650390626 0.5472222222222222 0.20807291650390625 0.5486111111111112 0.20572916650390624 0.5527777777777777 0.20677083349609374 0.5648148151041666 0.21276041650390626 0.5768518515625 0.2171875 0.5754629626736111
0 0.17838541650390624 0.6000000000000001 0.18515625 0.6083333333333333 0.18958333349609374 0.6083333333333333 0.19296875 0.6064814817708333 0.19869791650390625 0.5995370373263889 0.19895833349609374 0.5944444444444444 0.19791666650390624 0.5921296293402778 0.19322916650390626 0.5902777777777778 0.18828125 0.5837962960069444 0.18255208349609375 0.5634259262152779 0.18098958349609376 0.5611111111111111 0.17734375 0.5606481484375 0.17734375 0.5768518515625 0.17890625 0.5828703706597222 0.17760416650390626 0.5916666666666667 0.17838541650390624 0.6000000000000001
0 0.3390625 0.6495370373263889 0.3390625 0.6578703706597222 0.34166666650390626 0.6694444444444445 0.3453125 0.6745370373263889 0.35364583349609374 0.6726851848958333 0.3588541665039062 0.6657407404513889 0.36015625 0.6620370373263889 0.36041666650390625 0.6523148151041667 0.359375 0.6462962960069444 0.3520833334960938 0.6314814817708334 0.3510416665039062 0.6226851848958334 0.346875 0.6111111111111112 0.340625 0.6083333333333333 0.3375 0.6120370373263889 0.33723958349609373 0.6226851848958334 0.33984375 0.6300925928819444 0.34010416650390624 0.6472222222222223 0.3390625 0.6495370373263889
0 0.39635416650390626 0.5865740737847223 0.40104166650390627 0.5847222222222223 0.40338541650390625 0.5782407404513888 0.40338541650390625 0.5625 0.40026041650390626 0.5481481484375 0.39453125 0.5509259262152777 0.38932291650390627 0.5597222222222222 0.38072916650390626 0.5643518515625 0.37708333349609374 0.5699074071180555 0.37682291650390626 0.5722222222222223 0.37994791650390625 0.5759259262152778 0.38854166650390626 0.5791666666666667 0.39635416650390626 0.5865740737847223
0 0.39140625 0.6430555555555555 0.39479166650390624 0.6384259262152778 0.39557291650390625 0.6351851848958333 0.39479166650390624 0.6273148151041666 0.39244791650390626 0.6217592595486111 0.38697916650390624 0.6231481484375 0.38072916650390626 0.6189814817708333 0.37994791650390625 0.6236111111111111 0.37786458349609375 0.6273148151041666 0.37760416650390627 0.6347222222222223 0.38072916650390626 0.6407407404513888 0.38776041650390625 0.6435185182291667 0.39140625 0.6430555555555555
0 0.39661458349609374 0.6893518515625 0.40104166650390627 0.6856481484375 0.40416666650390626 0.6777777777777777 0.40364583349609373 0.6615740737847222 0.40052083349609374 0.6578703706597222 0.39635416650390626 0.6583333333333333 0.39348958349609375 0.6620370373263889 0.3921875 0.6671296293402778 0.3921875 0.6745370373263889 0.39427083349609376 0.6851851848958334 0.3921875 0.6893518515625 0.39661458349609374 0.6893518515625
0 0.35416666650390627 0.7166666666666667 0.35729166650390626 0.7092592595486111 0.359375 0.7078703706597222 0.36067708349609373 0.7009259262152778 0.35807291650390627 0.6958333333333333 0.35338541650390626 0.6925925928819444 0.35234375 0.6962962960069444 0.34479166650390625 0.7055555555555555 0.34479166650390625 0.7129629626736111 0.34791666650390624 0.7199074071180556 0.34947916650390626 0.7208333333333333 0.35416666650390627 0.7166666666666667
0 0.15026041650390626 0.875 0.15390625 0.8782407404513889 0.15442708349609374 0.8754629626736111 0.153125 0.8736111111111111 0.153125 0.8703703706597222 0.15572916650390625 0.8615740737847222 0.15859375 0.8583333333333333 0.16223958349609374 0.8574074071180555 0.16822916650390626 0.8625 0.17682291650390625 0.8634259262152777 0.18854166650390625 0.8611111111111112 0.19036458349609375 0.8578703706597222 0.18984375 0.8532407404513889 0.18619791650390624 0.8481481484375001 0.18255208349609375 0.8361111111111111 0.17994791650390626 0.8319444444444444 0.17734375 0.8291666666666667 0.16979166650390626 0.8273148151041667 0.16041666650390626 0.8337962960069444 0.15416666650390626 0.8412037039930556 0.1484375 0.8509259262152777 0.14166666650390625 0.8532407404513889 0.14140625 0.8569444444444445 0.14609375 0.8587962960069445 0.15 0.8685185182291666 0.15026041650390626 0.875
0 0.22734375 0.8032407404513889 0.23958333349609376 0.7962962960069445 0.24401041650390626 0.7962962960069445 0.24817708349609374 0.8009259262152777 0.2533854165039062 0.8004629626736111 0.25963541650390626 0.7930555555555556 0.2651041665039062 0.7749999999999999 0.27526041650390626 0.7625 0.2765625 0.7550925928819444 0.27447916650390625 0.7495370373263889 0.27109375 0.7476851848958334 0.2609375 0.7625 0.25572916650390626 0.7601851848958333 0.25182291650390626 0.7620370373263889 0.24427083349609374 0.7689814817708334 0.23854166650390626 0.7791666666666667 0.22864583349609374 0.7851851848958333 0.22057291650390626 0.7861111111111111 0.21640625 0.8055555555555556 0.21666666650390626 0.8175925928819444 0.21875 0.8120370373263889 0.22473958349609374 0.8083333333333333 0.22734375 0.8032407404513889
0 0.27109375 0.8680555555555556 0.27578125 0.8611111111111112 0.26927083349609376 0.8296296293402778 0.2651041665039062 0.8189814817708334 0.259375 0.8185185182291667 0.25546875 0.8231481484375 0.25234375 0.8300925928819445 0.25182291650390626 0.8462962960069444 0.25572916650390626 0.8550925928819445 0.26588541650390624 0.8606481484375 0.27109375 0.8680555555555556
0 0.42395833349609374 0.8648148151041667 0.4291666665039062 0.8611111111111112 0.43177083349609374 0.8564814817708333 0.43255208349609375 0.8449074071180556 0.43151041650390626 0.8412037039930556 0.42578125 0.8384259262152778 0.4213541665039062 0.8384259262152778 0.41145833349609373 0.8430555555555556 0.4067708334960938 0.8393518515624999 0.40442708349609374 0.8351851848958334 0.40104166650390627 0.8374999999999999 0.39921875 0.8495370373263889 0.41536458349609373 0.8638888888888889 0.41927083349609373 0.8657407404513889 0.42395833349609374 0.8648148151041667
0 0.6565104165039063 0.04907407378472222 0.6619791665039062 0.04861111111111111 0.6658854165039062 0.04583333333333333 0.6716145834960937 0.0356481484375 0.6802083334960938 0.034722222222222224 0.6864583334960938 0.02824074045138889 0.6921875 0.025 0.68984375 0.015740740451388888 0.6859375 0.0125 0.634375 0.012962962673611111 0.63203125 0.015277777777777779 0.6317708334960938 0.017592592881944445 0.6390625 0.027777777777777776 0.6463541665039062 0.043518518229166664 0.6565104165039063 0.04907407378472222
0 0.5763020834960938 0.09259259288194445 0.575 0.1 0.5760416665039062 0.10231481510416668 0.5791666665039062 0.10046296267361111 0.5877604165039062 0.10092592621527778 0.58828125 0.09907407378472222 0.58515625 0.08981481510416667 0.5854166665039062 0.07083333333333333 0.5872395834960937 0.06064814843750001 0.5872395834960937 0.05277777777777778 0.584375 0.044444444444444446 0.5848958334960938 0.03888888888888889 0.5880208334960938 0.032870370659722224 0.5877604165039062 0.030092592881944442 0.5841145834960938 0.02824074045138889 0.58046875 0.030092592881944442 0.57421875 0.039351851562500005 0.5697916665039062 0.05231481510416666 0.56953125 0.06481481510416667 0.5708333334960938 0.07222222222222223 0.57578125 0.08240740711805555 0.5763020834960938 0.09259259288194445
0 0.5174479165039062 0.09583333333333334 0.5135416665039062 0.0879629626736111 0.5083333334960938 0.09305555555555556 0.50859375 0.10740740711805556 0.5096354165039062 0.1106481484375 0.5171875 0.10555555555555556 0.5174479165039062 0.09583333333333334
0 0.44270833349609373 0.22731481510416668 0.44453125 0.22407407378472222 0.4458333334960938 0.21759259288194444 0.44609375 0.2018518515625 0.4484375 0.19305555555555556 0.44791666650390627 0.18842592621527776 0.4486979165039062 0.18518518489583335 0.44739583349609374 0.1736111111111111 0.4375 0.1736111111111111 0.4380208334960938 0.18333333333333332 0.43645833349609375 0.19259259288194444 0.42682291650390625 0.2004629626736111 0.4213541665039062 0.2115740737847222 0.42213541650390624 0.22129629600694445 0.42760416650390626 0.23055555555555557 0.4359375 0.23055555555555557 0.44270833349609373 0.22731481510416668
0 0.43854166650390625 0.2777777777777778 0.44296875 0.27638888888888885 0.453125 0.25555555555555554 0.45520833349609374 0.2481481484375 0.45416666650390625 0.24074074045138888 0.45104166650390626 0.2361111111111111 0.44817708349609375 0.24583333333333332 0.44322916650390626 0.25509259288194447 0.43541666650390626 0.25509259288194447 0.4291666665039062 0.2597222222222222 0.42369791650390626 0.26805555555555555 0.42369791650390626 0.27175925954861113 0.4252604165039062 0.26944444444444443 0.42994791650390624 0.26944444444444443 0.43854166650390625 0.2777777777777778
0 0.47005208349609373 0.26851851822916667 0.47369791650390625 0.26296296267361113 0.47447916650390626 0.26018518489583337 0.47369791650390625 0.25601851822916666 0.46276041650390626 0.23750000000000002 0.45885416650390626 0.2435185182291667 0.46197916650390625 0.2638888888888889 0.4640625 0.26851851822916667 0.46640625 0.26990740711805555 0.47005208349609373 0.26851851822916667
0 0.5408854165039062 0.23935185156250002 0.5421875 0.23657407378472226 0.5421875 0.22916666666666666 0.5408854165039062 0.2222222222222222 0.53828125 0.22083333333333333 0.53515625 0.2222222222222222 0.5341145834960938 0.22407407378472222 0.5346354165039062 0.23750000000000002 0.5369791665039062 0.24166666666666664 0.5408854165039062 0.23935185156250002
0 0.5479166665039062 0.28518518489583333 0.55234375 0.28379629600694445 0.5502604165039062 0.2745370373263889 0.5447916665039062 0.2652777777777778 0.5408854165039062 0.2657407404513889 0.5380208334960938 0.2731481484375 0.5377604165039063 0.2828703706597222 0.5401041665039062 0.28518518489583333 0.5453125 0.2833333333333333 0.5479166665039062 0.28518518489583333
0 0.70390625 0.17175925954861113 0.7072916665039063 0.1657407404513889 0.7072916665039063 0.15787037065972223 0.6971354165039062 0.14583333333333334 0.6924479165039062 0.1490740737847222 0.6877604165039063 0.15555555555555556 0.68671875 0.15879629600694445 0.68828125 0.1657407404513889 0.6971354165039062 0.17268518489583334 0.70390625 0.17175925954861113
0 0.6736979165039062 0.32731481510416666 0.6736979165039062 0.3222222222222222 0.6682291665039063 0.3129629626736111 0.665625 0.31157407378472224 0.6622395834960938 0.3143518515625 0.6604166665039063 0.31805555555555554 0.6627604165039063 0.3263888888888889 0.6697916665039062 0.3296296293402778 0.6736979165039062 0.32731481510416666
0 0.6330729165039063 0.3259259262152778 0.63828125 0.32916666666666666 0.6510416665039063 0.3263888888888889 0.6526041665039063 0.3236111111111111 0.6557291665039062 0.3222222222222222 0.653125 0.3143518515625 0.6484375 0.3101851848958333 0.6424479165039062 0.2879629626736111 0.6390625 0.28518518489583333 0.6388020834960938 0.2828703706597222 0.6346354165039062 0.2777777777777778 0.63125 0.2777777777777778 0.6299479165039062 0.28055555555555556 0.62734375 0.30462962934027776 0.62265625 0.30648148177083334 0.62265625 0.3143518515625 0.62421875 0.31805555555555554 0.628125 0.3189814817708333 0.6330729165039063 0.3259259262152778
0 0.6658854165039062 0.4231481484375 0.6692708334960937 0.41851851822916664 0.6776041665039062 0.4236111111111111 0.6783854165039063 0.4125 0.6776041665039062 0.40694444444444444 0.6739583334960938 0.4 0.6692708334960937 0.40138888888888885 0.6666666665039063 0.4092592595486111 0.6619791665039062 0.41574074045138887 0.6622395834960938 0.41944444444444445 0.6658854165039062 0.4231481484375
0 0.57265625 0.4009259262152778 0.5721354165039062 0.3925925928819444 0.56875 0.38981481510416666 0.5638020834960937 0.3912037039930556 0.56171875 0.3953703706597222 0.5609375 0.4004629626736111 0.5625 0.40185185156250003 0.56953125 0.4027777777777778 0.57265625 0.4009259262152778
0 0.5643229165039062 0.4083333333333333 0.5609375 0.4060185182291667 0.5572916665039063 0.4078703706597222 0.5565104165039062 0.4125 0.5598958334960937 0.41944444444444445 0.5643229165039062 0.41574074045138887 0.5643229165039062 0.4083333333333333
0 0.6283854165039062 0.45092592621527783 0.6299479165039062 0.4523148151041667 0.6427083334960938 0.45185185156249996 0.646875 0.44768518489583337 0.65078125 0.4393518515625 0.6481770834960937 0.4222222222222222 0.6466145834960938 0.41898148177083333 0.6421875 0.41805555555555557 0.6388020834960938 0.4217592595486111 0.63671875 0.4203703706597222 0.6325520834960937 0.4138888888888889 0.6307291665039062 0.40555555555555556 0.6294270834960938 0.40694444444444444 0.6265625 0.41898148177083333 0.6263020834960937 0.4277777777777778 0.62890625 0.4398148151041667 0.6278645834960938 0.44768518489583337 0.6283854165039062 0.45092592621527783
0 0.65078125 0.48101851822916664 0.6588541665039063 0.4833333333333333 0.66484375 0.4740740737847222 0.665625 0.4708333333333333 0.6635416665039062 0.4560185182291667 0.6580729165039062 0.4462962960069444 0.6541666665039062 0.4462962960069444 0.6489583334960938 0.45185185156249996 0.646875 0.4583333333333333 0.6410807290039062 0.4634259262152778 0.6341145834960937 0.46388888888888885 0.63359375 0.4671296293402778 0.6361979165039062 0.47824074045138887 0.6401041665039062 0.48101851822916664 0.65078125 0.48101851822916664
0 0.6171875 0.49768518489583335 0.6205729165039062 0.4824074071180556 0.6190104165039062 0.4740740737847222 0.6151041665039062 0.4712962960069444 0.6106770834960937 0.4708333333333333 0.6065104165039062 0.47638888888888886 0.60625 0.48657407378472217 0.6075520834960938 0.4939814817708334 0.6111979165039062 0.5004629626736111 0.6171875 0.49768518489583335
0 0.45546875 0.44583333333333336 0.45598958349609375 0.4546296293402778 0.45885416650390626 0.45694444444444443 0.46744791650390627 0.44999999999999996 0.4721354165039062 0.4351851848958333 0.4721354165039062 0.43148148177083334 0.4703125 0.4236111111111111 0.46588541650390625 0.42083333333333334 0.4643229165039062 0.41805555555555557 0.46276041650390626 0.4097222222222222 0.46276041650390626 0.4 0.45703125 0.4004629626736111 0.45416666650390625 0.40370370399305555 0.45598958349609375 0.4168208333333333 0.45572916650390627 0.42731481510416663 0.4536458334960938 0.4393518515625 0.45546875 0.44583333333333336
0 0.4643229165039062 0.5425925928819445 0.46015625 0.5449074071180555 0.46171875 0.5555555555555556 0.46666666650390626 0.5587962960069445 0.471875 0.5564814817708333 0.4765625 0.5462962960069445 0.4859375 0.5361111111111111 0.49427083349609374 0.5222222222222223 0.49635416650390624 0.5134259262152778 0.49401041650390626 0.5027777777777778 0.49010416650390626 0.5004629626736111 0.48802083349609376 0.5032407404513889 0.48567708349609373 0.5037037039930555 0.47942708349609375 0.49953703732638893 0.47473958349609374 0.5 0.47005208349609373 0.5032407404513889 0.46848958349609376 0.5064814817708334 0.46796875 0.5134259262152778 0.47057291650390626 0.5231481484375 0.46875 0.5365740737847222 0.4643229165039062 0.5425925928819445
0 0.47369791650390625 0.5518518515625 0.47395833349609373 0.5564814817708333 0.47526041650390627 0.5592592595486111 0.48203125 0.5666666666666667 0.5018229165039062 0.5722222222222223 0.503125 0.5680555555555555 0.5028645834960938 0.5648148151041666 0.5005208334960938 0.5611111111111111 0.49817708349609374 0.5476851848958333 0.49635416650390624 0.5435185182291666 0.49140625 0.5393518515625 0.4875 0.5208333333333334 0.48229166650390626 0.5180555555555555 0.48046875 0.5259259262152778 0.478125 0.5291666666666667 0.48046875 0.5319444444444444 0.48046875 0.5337962960069444 0.47838541650390626 0.5365740737847222 0.47369791650390625 0.5518518515625
0 0.43072916650390625 0.6222222222222222 0.43125 0.6078703706597222 0.42760416650390626 0.6009259262152777 0.42317708349609373 0.6032407404513889 0.42369791650390626 0.6203703706597222 0.42604166650390624 0.6254629626736111 0.42864583349609375 0.6259259262152779 0.43072916650390625 0.6222222222222222
0 0.5119791665039063 0.8703703706597222 0.5153645834960937 0.8805555555555555 0.525 0.8935185182291667 0.5291666665039062 0.8962962960069445 0.54140625 0.8916666666666667 0.5471354165039063 0.8814814817708334 0.5505208334960937 0.8699074071180556 0.5526041665039062 0.8666666666666667 0.55625 0.8657407404513889 0.5596354165039062 0.8574074071180555 0.5630208334960938 0.8532407404513889 0.5630208334960938 0.8490740737847222 0.5588541665039063 0.8490740737847222 0.5533854165039063 0.8537037039930556 0.5481770834960937 0.8541666666666666 0.5393229165039063 0.8620370373263889 0.52109375 0.8356481484375 0.5140625 0.8129629626736111 0.5104166665039063 0.8092592595486111 0.5049479165039062 0.8092592595486111 0.5020833334960938 0.8101851848958334 0.5111979165039062 0.8523148151041666 0.5106770834960938 0.8648148151041667 0.5119791665039063 0.8703703706597222
0 0.52734375 0.8337962960069444 0.5299479165039063 0.8342592595486111 0.5328125 0.8148148151041666 0.5354166665039063 0.8101851848958334 0.5309895834960937 0.8074074071180556 0.5221354165039063 0.8083333333333333 0.5221354165039063 0.8134259262152779 0.5239583334960938 0.8166666666666667 0.5252604165039062 0.8287037039930555 0.52734375 0.8337962960069444
0 0.5596354165039062 0.6893518515625 0.5614583334960938 0.6935185182291667 0.565625 0.6944444444444444 0.5760416665039062 0.6893518515625 0.584375 0.6782407404513889 0.5875 0.6773148151041667 0.5814236977539062 0.6688273151041666 0.57734375 0.6597222222222222 0.571875 0.6537037039930556 0.5682291665039062 0.6518518515624999 0.5609375 0.6537037039930556 0.55625 0.6509259262152778 0.5526041665039062 0.6416666666666667 0.5486979165039062 0.6458333333333334 0.5458333334960938 0.6578703706597222 0.54609375 0.6606481484375001 0.5565104165039062 0.6699074071180555 0.5596354165039062 0.6893518515625
0 0.5705729165039063 0.7398148151041667 0.5729166665039063 0.7430555555555556 0.58046875 0.7467592595486111 0.5877604165039062 0.7435185182291666 0.5890625 0.7402777777777777 0.58359375 0.7157407404513889 0.5768229165039063 0.7129629626736111 0.5703125 0.7138888888888889 0.5682291665039062 0.7124999999999999 0.5666666665039063 0.7226851848958333 0.56640625 0.7282407404513889 0.5697916665039062 0.7305555555555556 0.57109375 0.7370370373263889 0.5705729165039063 0.7398148151041667
0 0.603125 0.7745370373263889 0.6075520834960938 0.7754629626736111 0.6114583334960938 0.7726851848958334 0.6192708334960938 0.7657407404513888 0.6200520834960938 0.7629629626736111 0.6127604165039062 0.7476851848958334 0.6114583334960938 0.7384259262152777 0.6104166665039062 0.7375 0.6044270834960938 0.7407407404513889 0.6002604165039063 0.7458333333333333 0.5981770834960938 0.7550925928819444 0.5895833334960937 0.7699074071180555 0.58984375 0.7722222222222223 0.5955729165039062 0.7791666666666667 0.5989583334960937 0.7787037039930556 0.603125 0.7745370373263889
0 0.6072916665039062 0.7916666666666666 0.6158854165039063 0.7898148151041666 0.6252604165039063 0.7800925928819444 0.6325520834960937 0.7763888888888889 0.6377604165039062 0.7712962960069444 0.6346354165039062 0.7564814817708334 0.63046875 0.7569444444444444 0.6221354165039062 0.7625 0.61484375 0.7574074071180555 0.60625 0.7675925928819445 0.6072916665039062 0.7796296293402778 0.6046875 0.7828703706597222 0.6046875 0.7870370373263889 0.6072916665039062 0.7916666666666666
0 0.6234375 0.901388888888889 0.6505208334960938 0.9203703706597223 0.6479166665039062 0.9064814817708334 0.6484375 0.8967592595486111 0.64765625 0.8925925928819445 0.6388020834960938 0.8745370373263889 0.6333333334960938 0.8740740737847221 0.6229166665039062 0.8787037039930555 0.6153645834960938 0.8837962960069444 0.6106770834960937 0.8898148151041667 0.6106770834960937 0.8930555555555555 0.6135416665039063 0.8967592595486111 0.6184895834960937 0.9004629626736111 0.6234375 0.901388888888889
0 0.6424479165039062 0.8138888888888889 0.6544270834960938 0.8055555555555556 0.6625 0.7902777777777777 0.6684895834960938 0.7944444444444445 0.67578125 0.8060185182291666 0.6815104165039062 0.8060185182291666 0.6846354165039062 0.8013888888888889 0.6848958334960937 0.7944444444444445 0.65625 0.7504629626736111 0.6502604165039062 0.7495370373263889 0.64765625 0.7513888888888889 0.6385416665039062 0.7689814817708334 0.6354166665039063 0.7712962960069444 0.634375 0.7875000000000001 0.6356770834960938 0.8018518515625 0.63828125 0.8101851848958334 0.6424479165039062 0.8138888888888889
0 0.6268229165039062 0.7106481484375 0.63515625 0.7101851848958334 0.6377604165039062 0.7078703706597222 0.6380208334960937 0.6930555555555555 0.6270833334960938 0.6796296293402777 0.6216145834960938 0.6814814817708333 0.61953125 0.6847222222222222 0.6127604165039062 0.6837962960069445 0.6067708334960937 0.6861111111111111 0.60625 0.6925925928819444 0.6075520834960938 0.6958333333333333 0.6205729165039062 0.6995370373263889 0.6268229165039062 0.7106481484375
0 0.63203125 0.7416666666666667 0.6346354165039062 0.7287037039930556 0.6346354165039062 0.7208333333333333 0.6307291665039062 0.7175925928819444 0.6278645834960938 0.7194444444444444 0.6252604165039063 0.7250000000000001 0.6239583334960938 0.7319444444444445 0.62421875 0.7370370373263889 0.6265625 0.7407407404513889 0.63203125 0.7416666666666667
0 0.66171875 0.7083333333333334 0.6716145834960937 0.7023148151041667 0.67265625 0.7009259262152778 0.6723958334960938 0.6967592595486111 0.6653645834960937 0.6847222222222222 0.65859375 0.6819444444444445 0.65546875 0.6824074071180556 0.65390625 0.6847222222222222 0.653125 0.7092592595486111 0.6549479165039063 0.7175925928819444 0.6580729165039062 0.7212962960069444 0.66171875 0.7083333333333334
0 0.7583333334960938 0.8518518515625 0.7671875 0.8597222222222222 0.7692708334960937 0.8532407404513889 0.7684895834960938 0.8486111111111111 0.7653645834960937 0.8416666666666667 0.7557291665039062 0.8277777777777778 0.7510416665039062 0.8245370373263889 0.7484375 0.8231481484375 0.74296875 0.8245370373263889 0.7390625 0.8356481484375 0.7388020834960938 0.8374999999999999 0.740625 0.8412037039930556 0.7489583334960938 0.8504629626736111 0.7583333334960938 0.8518518515625
0 0.84140625 0.9810185182291666 0.8427083334960938 0.9782407404513889 0.8338541665039062 0.9583333333333334 0.8270833334960938 0.9592592595486111 0.8200520834960937 0.9509259262152777 0.81640625 0.9495370373263889 0.81015625 0.9495370373263889 0.8046875 0.9574074071180555 0.8059895834960937 0.9703703706597222 0.8104166665039062 0.9768518515625 0.8375 0.9824074071180555 0.84140625 0.9810185182291666
0 0.82890625 0.7986111111111112 0.8377604165039062 0.8060185182291666 0.8421875 0.8064814817708333 0.84453125 0.8097222222222222 0.8510416665039062 0.8300925928819445 0.84921875 0.8379629626736111 0.8533854165039062 0.8421296293402778 0.8598958334960938 0.8347222222222223 0.8645833334960937 0.8337962960069444 0.8640625 0.8300925928819445 0.8614583334960938 0.8277777777777778 0.8565104165039062 0.8175925928819444 0.8520833334960938 0.8027777777777777 0.8520833334960938 0.7986111111111112 0.8546875 0.7870370373263889 0.8546875 0.7814814817708333 0.8528645834960937 0.7708333333333334 0.8466145834960938 0.7555555555555555 0.8486979165039062 0.7449074071180556 0.8481770834960938 0.7430555555555556 0.8434895834960937 0.7412037039930556 0.8354166665039062 0.7444444444444445 0.8283854165039063 0.7569444444444444 0.825 0.7675925928819445 0.8231770834960938 0.7749999999999999 0.8231770834960938 0.7842592595486111 0.825 0.7912037039930556 0.82890625 0.7986111111111112
0 0.7911458334960938 0.7157407404513889 0.79375 0.7175925928819444 0.7984375 0.7361111111111112 0.8026041665039062 0.7449074071180556 0.8078125 0.7398148151041667 0.8078125 0.7361111111111112 0.8018229165039062 0.7129629626736111 0.8013020834960938 0.7009259262152778 0.7989583334960938 0.6856481484375 0.7966145834960937 0.6800925928819445 0.7872395834960938 0.6763888888888889 0.7791666665039062 0.6759259262152777 0.7752604165039062 0.6842592595486111 0.7739583334960938 0.6907407404513889 0.7713541665039062 0.6949074071180555 0.7703125 0.7060185182291667 0.7716145834960938 0.7120370373263889 0.7752604165039062 0.7143518515624999 0.7911458334960938 0.7157407404513889
0 0.8450520834960937 0.6912037039930555 0.8494791665039062 0.6819444444444445 0.8505208334960938 0.6712962960069445 0.85703125 0.6384259262152778 0.8541666665039063 0.6305555555555555 0.8484375 0.6282407404513889 0.8455729165039062 0.6310185182291667 0.8440104165039063 0.6412037039930555 0.8325520834960938 0.6490740737847223 0.8294270834960937 0.6560185182291667 0.8291666665039062 0.6662037039930556 0.83125 0.6773148151041667 0.8416666665039062 0.6921296293402778 0.8450520834960937 0.6912037039930555
0 0.8635416665039063 0.7263888888888889 0.8638020834960938 0.7305555555555556 0.8606770834960937 0.7462962960069445 0.8671875 0.7583333333333333 0.8690104165039062 0.7592592595486111 0.871875 0.7569444444444444 0.8768229165039062 0.7564814817708334 0.88359375 0.7518518515625 0.8927083334960938 0.7421296293402777 0.8955729165039062 0.7365740737847222 0.8955729165039062 0.7310185182291666 0.8924479165039062 0.7273148151041666 0.8880208334960937 0.7268518515625 0.8807291665039062 0.7143518515624999 0.8778645834960938 0.7143518515624999 0.8763020834960937 0.7097222222222223 0.8768229165039062 0.7087962960069444 0.8734375 0.7074074071180555 0.8684895834960937 0.7083333333333334 0.8658854165039063 0.7064814817708334 0.86015625 0.6935185182291667 0.85703125 0.6930555555555555 0.8497395834960938 0.6995370373263889 0.8489583334960937 0.7009259262152778 0.8494791665039062 0.7027777777777778 0.8552083334960937 0.7097222222222223 0.8635416665039063 0.7263888888888889
0 0.6927083334960937 0.5962962960069444 0.7046875 0.5888888888888889 0.70625 0.5847222222222223 0.7065104165039062 0.5745370373263889 0.7057291665039063 0.5712962960069444 0.7013020834960938 0.5648148151041666 0.7002604165039062 0.5587962960069445 0.70234375 0.5532407404513889 0.7036458334960938 0.5435185182291666 0.6973958334960938 0.5351851848958333 0.6955729165039063 0.5361111111111111 0.6911458334960937 0.5513888888888889 0.68515625 0.5638888888888889 0.68359375 0.5759259262152778 0.6815104165039062 0.5791666666666667 0.6763020834960938 0.5810185182291667 0.67578125 0.5837962960069444 0.6776041665039062 0.5874999999999999 0.6872395834960937 0.5972222222222222 0.6927083334960937 0.5962962960069444
0 0.8588541665039062 0.5953703706597222 0.8591145834960937 0.6115740737847222 0.8622395834960938 0.6203703706597222 0.87109375 0.6300925928819444 0.8731770834960938 0.6347222222222223 0.8755208334960938 0.6305555555555555 0.88046875 0.6273148151041666 0.88203125 0.6217592595486111 0.88671875 0.6148148151041667 0.8864583334960937 0.6111111111111112 0.8833333334960938 0.6060185182291666 0.8697916665039063 0.5634259262152779 0.8658854165039063 0.5592592595486111 0.8619791665039063 0.5578703706597222 0.8580729165039063 0.5587962960069445 0.8557291665039063 0.5620370373263889 0.8557291665039063 0.5689814817708334 0.8578125 0.5754629626736111 0.8596354165039063 0.5902777777777778 0.8588541665039062 0.5953703706597222
0 0.7674479165039062 0.5916666666666667 0.7713541665039062 0.5912037039930556 0.77265625 0.5870370373263889 0.7765625 0.5824074071180555 0.78671875 0.5796296293402778 0.7895833334960938 0.5740740737847223 0.7950520834960938 0.5740740737847223 0.7986979165039062 0.5768518515625 0.8005208334960937 0.5745370373263889 0.80234375 0.5648148151041666 0.8015625 0.5611111111111111 0.7911458334960938 0.5527777777777777 0.7770833334960937 0.5384259262152777 0.7716145834960938 0.5375000000000001 0.7682291665039063 0.5412037039930556 0.7640625 0.5527777777777777 0.7658854165039063 0.5800925928819445 0.7677083334960938 0.5851851848958334 0.7674479165039062 0.5916666666666667
0 0.78046875 0.5245370373263889 0.7908854165039062 0.5217592595486111 0.79296875 0.5023148151041666 0.7927083334960937 0.4921296293402777 0.7942708334960937 0.4861111111111111 0.7927083334960937 0.4819444444444445 0.78671875 0.47824074045138887 0.77890625 0.48981481510416663 0.77421875 0.5018518515625 0.7736979165039063 0.5092592595486111 0.7692708334960937 0.5254629626736111 0.76875 0.5365740737847222 0.7731770834960937 0.5379629626736111 0.7770833334960937 0.5365740737847222 0.78046875 0.5245370373263889
0 0.7755208334960938 0.4375 0.78359375 0.44120370399305553 0.78828125 0.43842592621527776 0.7903645834960937 0.4342592595486111 0.78984375 0.4236111111111111 0.7830729165039062 0.4120370373263889 0.7770833334960937 0.4120370373263889 0.77109375 0.41805555555555557 0.7684895834960938 0.4231481484375 0.7653645834960937 0.43194444444444446 0.7666666665039062 0.4351851848958333 0.7713541665039062 0.4398148151041667 0.7755208334960938 0.4375
0 0.8143229165039062 0.34629629600694445 0.8247395834960938 0.3467592595486111 0.8278645834960937 0.3495370373263889 0.8401041665039063 0.37222222222222223 0.8416666665039062 0.37222222222222223 0.8484375 0.3611111111111111 0.8471354165039062 0.3574074071180556 0.8328125 0.3356481484375 0.8315104165039062 0.33055555555555555 0.8317708334960937 0.3217592595486111 0.8309895834960938 0.3189814817708333 0.8234375 0.30833333333333335 0.81796875 0.3037037039930556 0.8052083334960938 0.3009259262152778 0.8033854165039063 0.2986111111111111 0.8026041665039062 0.29351851822916664 0.7986979165039062 0.29305555555555557 0.7958333334960938 0.30231481510416663 0.7966145834960937 0.31620370399305553 0.80234375 0.33425925954861113 0.8067708334960938 0.34120370399305555 0.8143229165039062 0.34629629600694445
0 0.7427083334960938 0.1393518515625 0.74453125 0.14583333333333334 0.7489583334960938 0.15416666666666667 0.7497395834960937 0.16620370399305556 0.7489583334960938 0.17407407378472223 0.75078125 0.1856481484375 0.7583333334960938 0.20324074045138887 0.7614583334960937 0.2143518515625 0.7635416665039062 0.24305555555555555 0.7653645834960937 0.24583333333333332 0.7669270834960937 0.2523148151041667 0.7739583334960938 0.2504629626736111 0.778125 0.25277777777777777 0.7809895834960937 0.2518518515625 0.7807291665039062 0.24490740711805556 0.7786458334960937 0.2370370373263889 0.784375 0.1657407404513889 0.7833333334960938 0.15740740711805556 0.7809895834960937 0.15000000000000002 0.7796875 0.1356481484375 0.7752604165039062 0.1282407404513889 0.7713541665039062 0.12453703732638889 0.7638020834960938 0.12083333333333332 0.7583333334960938 0.12129629600694443 0.75546875 0.11527777777777778 0.7557291665039062 0.10879629600694445 0.7518229165039062 0.1032407404513889 0.7479166665039062 0.1032407404513889 0.746875 0.10694444444444445 0.74609375 0.11481481510416668 0.74765625 0.1284722222222222 0.7466145834960938 0.1328703706597222 0.7427083334960938 0.1393518515625
0 0.9544270834960937 0.27407407378472226 0.9591145834960938 0.26898148177083336 0.9606770834960937 0.25787037065972224 0.9611979165039063 0.2347222222222222 0.9588541665039062 0.22777777777777775 0.9526041665039062 0.23148148177083336 0.9419270834960938 0.24305555555555555 0.9390625 0.2486111111111111 0.9442708334960938 0.26851851822916667 0.9471354165039062 0.2745370373263889 0.9544270834960937 0.27407407378472226
0 0.7403645834960938 0.09583333333333334 0.73984375 0.09398148177083333 0.7356770834960937 0.09120370399305555 0.7354166665039062 0.08379629600694444 0.7330729165039063 0.07870370399305555 0.7283854165039062 0.0763888888888889 0.72421875 0.08287037065972222 0.7239583334960937 0.09675925954861112 0.7283854165039062 0.10648148177083333 0.7322916665039062 0.10694444444444445 0.7403645834960938 0.09583333333333334
0 0.8604166665039062 0.14259259288194445 0.8598958334960938 0.13842592621527777 0.8557291665039063 0.13333333333333333 0.84921875 0.13240740711805554 0.8471354165039062 0.13657407378472222 0.846875 0.14212962934027776 0.8533854165039062 0.1481481484375 0.8572916665039062 0.1486111111111111 0.8604166665039062 0.14259259288194445
0 0.91484375 0.13472222222222222 0.9140625 0.12638888888888888 0.9153645834960937 0.12222222222222223 0.9122395834960938 0.11712962934027778 0.9091145834960938 0.11759259288194444 0.9049479165039063 0.11944444444444444 0.9015625 0.12731481510416665 0.9015625 0.1342592595486111 0.9041666665039062 0.14166666666666666 0.9080729165039062 0.14351851822916667 0.91484375 0.13472222222222222
0 0.7184895834960937 0.25416666666666665 0.7205729165039062 0.2546296293402778 0.7231770834960938 0.2523148151041667 0.72578125 0.24444444444444446 0.7260416665039062 0.23981481510416666 0.7205729165039062 0.23194444444444443 0.71328125 0.23287037065972221 0.71171875 0.23657407378472226 0.7114583334960938 0.24027777777777778 0.7127604165039062 0.24537037065972223 0.7158854165039062 0.2486111111111111 0.7184895834960937 0.25416666666666665