0 0.6547447265625 0.8548519418402778 0.65323980859375 0.8468384756944444 0.6514521166992188 0.8445294366319445 0.643099166015625 0.8454751953125 0.6385788100585937 0.8509666067708334 0.6248268315429687 0.8623385260416667 0.6225806318359375 0.8667208637152778 0.6221221235351563 0.8734122413194444 0.619916662109375 0.8782518428819445 0.6190635541992188 0.8775545868055556 0.6192544633789062 0.8826569045138889 0.6176576801757813 0.8854501840277778 0.622450421875 0.8859756154513889 0.6232755737304687 0.8833996067708333 0.6248188364257813 0.8829650659722222 0.6314144448242187 0.8918888046875 0.6349746538085937 0.8904176145833333 0.6441551489257813 0.8958011163194445 0.648843244140625 0.909949295138889 0.6502107729492187 0.9105017048611111 0.651687734375 0.91524190625 0.6527597075195313 0.9243147447916668 0.6649149033203124 0.9157361059027777 0.6662137373046875 0.9125579869791667 0.660593451171875 0.9057032951388889 0.65598683203125 0.8924696414930556 0.653048083984375 0.8890785069444446 0.6509752250976563 0.883568626736111 0.6543269565429688 0.8620005815972223 0.6547447265625 0.8548519418402778
0 0.5829191416015626 0.7382057543402778 0.5777190185546875 0.7331076909722223 0.575277123046875 0.7145771736111111 0.573191482421875 0.7118832942708333 0.5689131616210937 0.7112130164930556 0.5675608081054687 0.7167498741319445 0.5679170629882813 0.7325865138888888 0.5730277138671875 0.757396592013889 0.5761829350585937 0.7602580390625 0.5786224370117188 0.7698832881944444 0.5894252783203126 0.7668415069444445 0.5925781059570312 0.7607976848958333 0.5955016796875 0.7580995529513889 0.5967446000976563 0.7483749027777777 0.5949696904296875 0.7432498619791666 0.5906098930664062 0.7416650572916667 0.5892958842773437 0.7387539097222222 0.5829191416015626 0.7382057543402778
0 0.591387888671875 0.8155059453125 0.5927578110351562 0.824963623263889 0.5957117333984375 0.8344440251736112 0.5989076923828125 0.8377627361111111 0.6136222109375 0.831275865451389 0.6183310834960938 0.8219815026041667 0.6173813247070312 0.8142804522569445 0.6151862509765625 0.8073987829861111 0.608307869140625 0.8041794722222222 0.6040551118164063 0.7978771892361112 0.5983557426757813 0.7990132395833334 0.591387888671875 0.8155059453125
0 0.733543005859375 0.8218836475694444 0.7300083603515625 0.8177228333333333 0.725039884765625 0.8181843506944444 0.7224573911132812 0.8306298567708333 0.7173818754882813 0.8358088515625001 0.7137018452148437 0.8448135217013889 0.7126498330078125 0.8596404887152778 0.7161996538085937 0.8698905703124999 0.7184610283203124 0.8715974991319445 0.7320931850585938 0.867759060763889 0.7303997509765625 0.8635485468749999 0.7300586713867188 0.8538011744791666 0.7279578559570312 0.8450180286458333 0.7295802016601562 0.8365927447916667 0.7325980336914063 0.8319931362847223 0.7343425942382813 0.8249396423611111 0.733543005859375 0.8218836475694444
0 0.5824653657226563 0.9136399869791667 0.5811665317382813 0.9168181059027778 0.5791264155273438 0.9323920286458333 0.5846140986328126 0.9495962039930556 0.5881615263671875 0.9509410147569444 0.588823724609375 0.9465359531249999 0.5927609653320313 0.9374588602430555 0.5950455102539063 0.9246285156249999 0.6038417939453125 0.9109021128472222 0.6019039311523438 0.9039480199652777 0.5900874228515625 0.9133687612847221 0.5824653657226563 0.9136399869791667
0 0.5600760859375 0.8754144722222222 0.5640868076171875 0.8878784461805556 0.5695289663085937 0.8868148185763889 0.5706904111328125 0.8761756432291666 0.5743169213867187 0.8695297118055555 0.569035322265625 0.8635171215277777 0.5644183149414063 0.8620047404513889 0.560045736328125 0.8632359375 0.5593963188476563 0.8648249965277778 0.5600760859375 0.8754144722222222
0 0.5779242866210937 0.791641625 0.5788157392578125 0.783890875 0.5714740625 0.7695524027777778 0.5693221206054687 0.7720332656250001 0.5699483676757813 0.7849814800347222 0.5714125473632813 0.7925376822916667 0.5734981884765625 0.7952315616319444 0.5779242866210937 0.791641625
0 0.553900640625 0.8682473637152778 0.5552122563476563 0.8622532430555556 0.5576214086914062 0.8596999565972223 0.5568066459960938 0.8505546944444444 0.5502006494140625 0.8533522274305556 0.5495919702148437 0.8553985503472222 0.55158574609375 0.8688991744791666 0.553900640625 0.8682473637152778
0 0.5922163032226563 0.6235605390625 0.5852077109375 0.6395959809027778 0.582123578125 0.6493703307291666 0.5816650703125 0.6560617074652778 0.5868571977539062 0.6817863116319445 0.5873332739257813 0.6900894713541667 0.5926276547851562 0.6932860581597222 0.5939544458007813 0.6933812048611111 0.5945631245117188 0.6913348819444445 0.5944616870117188 0.6665205494791667 0.5991833408203125 0.6544101840277778 0.6005460834960937 0.6371520546875 0.5988398681640625 0.6357575425347223 0.594436939453125 0.6248102057291667 0.5922163032226563 0.6235605390625
0 0.57546884765625 0.6723371423611111 0.5742794467773438 0.6797030529513889 0.5779514814453125 0.6913249236111111 0.5805922807617188 0.6943312170138889 0.5852628081054687 0.6934848602430556 0.5870353251953125 0.6897046310763888 0.58617982421875 0.6801021059027778 0.5879523413085938 0.6763218776041666 0.5886273217773438 0.6691008133680555 0.5867581538085938 0.6658772482638889 0.5825205712890625 0.6656642326388889 0.57546884765625 0.6723371423611111
0 0.6404871928710938 0.6474675008680556 0.6426135712890625 0.6506186423611111 0.6470804077148438 0.64748596875 0.6530369877929687 0.6462774947916666 0.6542950834960938 0.6426421128472222 0.650042326171875 0.6363398298611112 0.6466706333007812 0.6340080685763889 0.6440985283203124 0.6347323020833333 0.6404312797851562 0.6409209696180556 0.6404871928710938 0.6474675008680556
0 0.6183399487304687 0.6030802960069445 0.6229417807617188 0.5985034105902778 0.6237261943359375 0.5954701380208333 0.6230743842773437 0.5881539270833334 0.6202171118164063 0.5856773194444445 0.61699558984375 0.5879906128472222 0.6158189702148438 0.5925405208333333 0.6157934067382812 0.5981725251736111 0.6183399487304687 0.6030802960069445
0 0.6766820244140626 0.521030040798611 0.6718765014648438 0.5233206111111112 0.6684664633789063 0.5294368567708333 0.665463806640625 0.5401257326388889 0.6630546538085937 0.5426790182291668 0.660617544921875 0.5419590390625 0.65246828515625 0.5451911137152777 0.6475940673828126 0.5437511553819445 0.6449125297851562 0.5402875972222222 0.6422461665039062 0.5429133064236111 0.6398649702148438 0.5487398585069445 0.6386755688476563 0.5561057682291666 0.6384894462890625 0.5688139895833334 0.641484107421875 0.5787516536458334 0.6439491733398437 0.5827448984375 0.6536033510742187 0.5875262907986111 0.6628501474609375 0.5877350520833333 0.6695783588867188 0.5863093072916666 0.6728534008789062 0.5816372760416667 0.6738263295898438 0.5748010512152777 0.6726728803710937 0.5648136866319444 0.6829796840820312 0.529568939236111 0.6814771591796875 0.5304607421875001 0.6808533056640625 0.5264177977430555 0.6766820244140626 0.521030040798611
0 0.697079921875 0.5546602013888889 0.6944950346679688 0.5582004366319445 0.6889178803710938 0.5607082777777778 0.6858465288085938 0.567666625 0.6826785263671875 0.5676211796874999 0.6817183793945313 0.5716414001736111 0.6832895986328125 0.5744801258680555 0.685225068359375 0.5725289496527778 0.6879601259765625 0.5736337682291667 0.6902878022460938 0.5701659557291667 0.6925491767578125 0.5718728854166666 0.6961932553710938 0.5802214895833333 0.6982533330078124 0.5885473732638888 0.7012328188476562 0.5923957699652778 0.7047522900390625 0.5904673168402778 0.71066573828125 0.5798963098958334 0.7122066079101562 0.5705565008680555 0.7115547978515625 0.563240290798611 0.7086288310546875 0.5570331536458333 0.7060695078125 0.5549413854166666 0.7006273491210937 0.5560050130208334 0.697079921875 0.5546602013888889
0 0.6869504833984375 0.49423330034722224 0.6896983227539063 0.49252211805555557 0.6939638618164062 0.49600839843749994 0.6972261220703125 0.4941523680555555 0.69818626953125 0.49013214670138894 0.69718059765625 0.47588456597222223 0.6936866899414063 0.47218101562500003 0.6916138310546875 0.46667113541666666 0.6843863735351563 0.4743309939236111 0.6834669643554687 0.47880847829861106 0.6814907568359375 0.48030239149305554 0.6781725834960938 0.475611890625 0.6792477661132813 0.4462476510416667 0.6748040991210937 0.4348430503472222 0.6733958325195313 0.4338333776041667 0.6717175732421875 0.4357121302083333 0.668007193359375 0.43253826649305555 0.6687101303710937 0.42859046788194444 0.6680734951171875 0.42736352517361115 0.6636601782226562 0.4281374592013889 0.6589792626953125 0.4407050876736111 0.6571428369140625 0.45856532725694443 0.637387939453125 0.5002202664930555 0.634721576171875 0.5028459765625 0.6354548627929687 0.5110767126736111 0.6372681181640625 0.5077537465277778 0.6400566953125 0.5064998272569444 0.67115599609375 0.5122738732638888 0.6782636323242187 0.5121474947916667 0.6803492729492188 0.5148413732638889 0.6832856284179688 0.5093272378472222 0.6828502900390625 0.5014813420138888 0.6869504833984375 0.49423330034722224
0 0.6873068466796876 0.20820530729166667 0.6849280434570313 0.22293712847222225 0.6835069951171875 0.2247434574652778 0.6806089848632813 0.2218095859375 0.676860259765625 0.22708372829861112 0.6796256669921875 0.2403670815972222 0.6834862177734375 0.24818600086805556 0.6829462338867187 0.2539628515625 0.6840717270507812 0.2606769522569444 0.6935629521484376 0.26362929166666665 0.6963922680664062 0.2628326345486111 0.6980984833984375 0.2642271467013889 0.7011290966796875 0.25681153559027775 0.7017513725585938 0.20460686197916667 0.7037251875 0.1942076796875 0.7022610073242187 0.18665147743055555 0.6916898134765626 0.19525283940972224 0.6873068466796876 0.20820530729166667
0 0.5604229838867187 0.2519007690972222 0.5564553940429687 0.248799328125 0.5541404995117187 0.24945113802083332 0.5536005146484375 0.25522798958333337 0.5546445317382812 0.26102756250000003 0.558003443359375 0.2661753263888889 0.5601833413085937 0.26696772829861115 0.5624598911132812 0.27476392447916664 0.568039439453125 0.28116135416666665 0.5715996479492188 0.2796901640625 0.5782208198242188 0.28298189670138885 0.579020408203125 0.2860378923611111 0.5779252646484375 0.2915023263888889 0.5783733837890624 0.2965322213541667 0.5812178745117188 0.30182483159722223 0.5835735073242188 0.30163028472222225 0.587159279296875 0.2945270894097222 0.587564267578125 0.2901944513888889 0.5866145087890625 0.28249340277777774 0.5796091259765624 0.2600917638888889 0.5742460502929687 0.25316464756944446 0.5688446293945313 0.25468553819444445 0.5604229838867187 0.2519007690972222
0 0.6245793564453125 0.44523507725694444 0.6181339189453126 0.4409563949652778 0.6111077587890625 0.4419972986111111 0.6052070922851562 0.44975230295138885 0.6027316381835938 0.45748033072916666 0.60259903515625 0.4678298133680555 0.6074756459960937 0.4781750407986112 0.6090772158203125 0.49319230034722217 0.612530384765625 0.4964385876736111 0.6163885424804687 0.49535223697916664 0.6179445869140625 0.49210169531250003 0.6170715180664063 0.4675046328125 0.6216989140625 0.4572957430555556 0.6248796982421875 0.45452518663194447 0.6259748413085937 0.44906075173611115 0.6260690991210938 0.4471592769097222 0.6245793564453125 0.44523507725694444
0 0.605415623046875 0.31891684114583335 0.6007450961914063 0.31976319878472226 0.5998536430664062 0.32751394878472223 0.6004950649414063 0.34655143055555554 0.6060210927734375 0.3553075980902778 0.6245809873046875 0.35055038020833335 0.6253654008789062 0.3475171076388889 0.624346947265625 0.3360855286458333 0.6203641821289062 0.3268948211805556 0.6167760166015624 0.32509274565972224 0.6092633920898437 0.32955176302083333 0.6067983271484375 0.32555851822916665 0.605415623046875 0.31891684114583335
0 0.6054579926757813 0.22468940625 0.61038573046875 0.22377062586805557 0.6144731420898437 0.21933858680555557 0.6184103828125 0.2102614939236111 0.60673447265625 0.1887062126736111 0.6029753588867187 0.205701625 0.6032477446289063 0.21171846961805554 0.6019081723632812 0.21443932465277776 0.6054579926757813 0.22468940625
0 0.6824605307617188 0.3609709314236111 0.6853457592773438 0.36672080381944444 0.6899675532226562 0.3860437248263889 0.69315073046875 0.3921784375 0.694436783203125 0.3918163211805556 0.6949360288085937 0.38558220746527777 0.6908566127929687 0.3693877048611111 0.6881575073242188 0.3509296111111111 0.6845262099609375 0.3397650034722222 0.6822648354492188 0.33805807378472225 0.681727244140625 0.3527401953125 0.6824605307617188 0.3609709314236111
0 0.6054643564453125 0.2987475633680556 0.6077816440429687 0.30700102256944445 0.6100965385742187 0.3063492126736111 0.6140593427734375 0.29164011545138885 0.6136367866210938 0.28097821614583335 0.6121190869140625 0.2757807526041667 0.6101149228515625 0.2740014001736111 0.6054443955078125 0.2748477578125 0.604619244140625 0.2774237673611111 0.6054643564453125 0.2987475633680556
0 0.591821865234375 0.16337495746527778 0.5908081982421876 0.16975391753472222 0.5952111264648438 0.18070125520833333 0.5959571948242187 0.18611598958333334 0.6028355766601563 0.18933529947916666 0.6068159487304687 0.1896207387152778 0.6085477280273438 0.18538324652777777 0.6099536015625 0.17748765017361112 0.609599740234375 0.17055627951388888 0.6055890180664063 0.1580923064236111 0.6025687939453125 0.15378664496527777 0.5991028422851562 0.153356359375 0.591821865234375 0.16337495746527778
0 0.676307119140625 0 0.6703981245117188 0.009535842881944444 0.6642530288085937 0.014547269097222223 0.6581207143554687 0.016742692708333333 0.6524772583007813 0.0244252734375 0.6502997534179688 0.032538141493055554 0.6512495122070312 0.04023919010416667 0.6532816328125 0.045291807291666666 0.654175478515625 0.04644632725694445 0.6557722612304687 0.043653048611111106 0.6682941000976562 0.039189776909722224 0.6724629877929688 0.03567226388888889 0.6758858076171875 0.02674001736111111 0.6780353564453125 0.015353885416666666 0.6798078735351563 0.011573657118055556 0.6850870795898437 0.0086809765625 0.6831607587890625 0 0.676307119140625 0
0 0.58728127734375 0 0.5872967768554688 0.00012351388888888888 0.586799923828125 0.015262897569444446 0.5881826274414063 0.021904574652777776 0.59132506640625 0.027582023437500002 0.5913530229492188 0.030855289930555554 0.5870084008789063 0.03535975173611111 0.5822028774414062 0.03765032204861111 0.5804710986328125 0.041887813368055554 0.5776593510742187 0.0576790078125 0.5678214438476562 0.07451110590277778 0.5663748315429687 0.08194943923611112 0.566417962890625 0.09131197222222222 0.5713049624023437 0.08993592795138888 0.5815782080078125 0.08094972569444445 0.5859915249023437 0.08017579253472223 0.5906748334960937 0.07651343229166667 0.6011134243164062 0.07826155208333334 0.6033468427734375 0.07669521614583334 0.6042590727539062 0.04550192361111111 0.6007116455078125 0.04415711111111111 0.5980301079101562 0.04069355295138889 0.5964029750976563 0.03130829774305555 0.6009233315429687 0.025816886284722222 0.6069741689453125 0.02270693576388889 0.6131320463867187 0.014879507812500001 0.6164046948242188 0.0013022065972222224 0.6171634228515624 0 0.58728127734375 0
0 0.5456190483398438 0.1271673376736111 0.5442666938476562 0.13270419618055557 0.5450127626953125 0.1381189296875 0.5469634067382813 0.14225702083333333 0.54763278515625 0.16456776736111112 0.5503957993164063 0.1689458515625 0.55407822265625 0.16884645052083333 0.5557157436523438 0.16651043402777777 0.558191197265625 0.15878240711805558 0.5587439633789063 0.15018955381944443 0.5569410966796875 0.14179124913194444 0.5494212924804688 0.11953445659722223 0.5485833598632812 0.12492646788194445 0.5456190483398438 0.1271673376736111
0 0.5125060102539063 0.08399286197916667 0.5099594682617188 0.07908509114583334 0.49874924560546874 0.07755424045138888 0.49812778515625 0.08241656597222222 0.49955122705078125 0.08951550520833333 0.5033303017578125 0.0964198984375 0.5107231044921875 0.09949436111111111 0.5143823579101563 0.113932234375 0.5204787202148438 0.12909008593750002 0.5241331870117187 0.1257174201388889 0.5285033720703125 0.115580953125 0.5301512817382813 0.10152366666666666 0.528333240234375 0.08703609288194444 0.524202697265625 0.08210559982638889 0.5185033276367188 0.08324165017361111 0.5158369653320313 0.08586736024305557 0.5125060102539063 0.08399286197916667
0 0.4770013876953125 0.05836620746527778 0.47017891845703125 0.06169342795138889 0.46686313818359376 0.06590819791666666 0.4646576767578125 0.07074779947916666 0.4644971171875 0.07782401649305555 0.4863751845703125 0.077757296875 0.49453961962890625 0.08061449131944445 0.49858629296875 0.07572518836805556 0.49789374462890623 0.06795171527777778 0.4936258125 0.055560165798611116 0.4849445634765625 0.04394254947916667 0.48245393505859374 0.045581309027777774 0.4770013876953125 0.05836620746527778
0 0.49010628759765623 0.2084209357638889 0.491733419921875 0.21780619097222223 0.4990191840820313 0.22559813194444445 0.5014307294921875 0.23195011545138888 0.5037863623046875 0.23175556770833333 0.5083195004882812 0.22344815364583337 0.5089489560546875 0.19795928819444444 0.5065094536132813 0.18833403993055556 0.5046810234375 0.18556773784722222 0.49742560986328127 0.18995433159722222 0.49354188916015623 0.19667268576388888 0.49010628759765623 0.2084209357638889
0 0.4411301220703125 0.028624186631944444 0.4455434384765625 0.027850252604166667 0.4518642685546875 0.021851876736111112 0.455585037109375 0.013304469618055556 0.4574291557617188 0.005754209201388889 0.43529736083984377 0.011985910590277779 0.434858025390625 0.014453284722222222 0.4411301220703125 0.028624186631944444
0 0.4107777612304688 0.04430610677083333 0.4143522729492187 0.03288295138888889 0.41560309423828123 0.03834914756944444 0.41868002197265625 0.021059741319444446 0.4227178408203125 0.015527955729166666 0.41037057666015625 0.01900460329861111 0.4107810947265625 0.02361244357638889 0.4107777612304688 0.04430610677083333
0 0.3930029848632812 0.08623643923611111 0.3891192646484375 0.09295479340277778 0.384652427734375 0.09608746701388889 0.3809723974609375 0.10509213715277778 0.3788332373046875 0.1047569982638889 0.37551506396484374 0.10006649739583334 0.3695840478515625 0.0956429670138889 0.3658073662109375 0.09764384461805556 0.36135570458984373 0.10686578472222223 0.358742861328125 0.10713275520833333 0.3595017109375 0.10973148697916667 0.3612207084960937 0.10830999739583333 0.3754279853515625 0.12868378125000002 0.37978778271484376 0.13026858680555556 0.3818734228515625 0.13296246440972223 0.3951692861328125 0.13718719270833335 0.40930308203125 0.13601990972222222 0.41913299462890624 0.1398143532986111 0.4201618369140625 0.13952465972222222 0.4206203447265625 0.13283328211805556 0.4079539370117187 0.10311968836805556 0.4009253837890625 0.09525532291666666 0.3950606689453125 0.08565705208333334 0.3930029848632812 0.08623643923611111
0 0.44726716845703124 0.19517161805555555 0.4451943095703125 0.18966173697916666 0.44446102294921874 0.18143100086805555 0.4463509677734375 0.1612120234375 0.445347689453125 0.15586971180555553 0.443086314453125 0.15416278385416668 0.408194341796875 0.1916426953125 0.40429544580078125 0.1922717829861111 0.40360529052734373 0.19340357986111112 0.4043793154296875 0.20209157899305555 0.4064673491210937 0.2136907265625 0.4087287236328125 0.2153976545138889 0.41070493115234374 0.2139037421875 0.41136713037109374 0.20949868055555554 0.4235095439453125 0.2037360434027778 0.4261782998046875 0.2100156032986111 0.4351551040039062 0.21311278993055555 0.4374699985351562 0.21246097916666665 0.4461592426757813 0.2034520546875 0.44726716845703124 0.19517161805555555
0 0.3079214052734375 0.16409745225694444 0.3017843046875 0.14848233680555556 0.298629083984375 0.14562088975694445 0.2928889765625 0.14629967708333333 0.29142718994140626 0.1476487439236111 0.2991099462890625 0.1717345876736111 0.30217330224609373 0.18540278124999998 0.3017147944335937 0.19209415798611112 0.3028426806640625 0.2077135277777778 0.30500979736328127 0.21132193229166668 0.308597962890625 0.21312400694444444 0.3104519560546875 0.2102583046875 0.3127668505859375 0.2096064939236111 0.31643409912109377 0.20341782552083332 0.3214257451171875 0.1884190347222222 0.32062376416015625 0.17645776996527776 0.3155306806640625 0.16664222916666666 0.3079214052734375 0.16409745225694444
0 0.4180362197265625 0.23996348524305555 0.4088173798828125 0.24302798958333335 0.40252450634765624 0.25229963020833335 0.38939159521484373 0.24990395399305557 0.386888185546875 0.25435871614583333 0.3877972060546875 0.2616025026041667 0.39014005712890626 0.2642239574652778 0.4050606596679687 0.26892867274305554 0.412061255859375 0.2735197717013889 0.41751619677734375 0.2696401423611111 0.41955870556640623 0.26297148784722224 0.42233450146484375 0.2645335703125 0.4239416728515625 0.25001901909722224 0.4220980678710938 0.24116344965277778 0.4180362197265625 0.23996348524305555
0 0.44652186181640624 0.29334685069444444 0.4508712705078125 0.30665292795138893 0.45765539453125 0.31177371440972224 0.463084771484375 0.31352608854166664 0.46638777001953124 0.3121273220486111 0.46747013134765625 0.30947888888888886 0.46673684521484377 0.3012481527777778 0.4594486884765625 0.2845509427083333 0.454803724609375 0.2797652951388889 0.449916724609375 0.2811413385416667 0.4462622578125 0.2845140052083333 0.44652186181640624 0.29334685069444444
0 0.437565833984375 0.2668071223958333 0.43985516552734377 0.2717873159722222 0.44288817138671877 0.27327697395833334 0.44566157470703127 0.2659337873263889 0.4448572001953125 0.24506725347222222 0.44003650146484374 0.24126855555555554 0.4313600395507812 0.24746147916666666 0.429737693359375 0.2558867612847222 0.43116113525390626 0.2629857022569444 0.437565833984375 0.2668071223958333
0 0.36478967431640624 0.18980223350694445 0.36602460009765625 0.200704125 0.36725713330078125 0.20270074739583333 0.36986997607421873 0.20243377690972222 0.372714466796875 0.20772638715277777 0.3765726240234375 0.2066400373263889 0.37881882373046877 0.20225769791666667 0.3791271611328125 0.19092126649305555 0.37773167626953125 0.1870955920138889 0.3749151416015625 0.18507624652777777 0.3706240400390625 0.1872219704861111 0.36630498095703123 0.1860944279513889 0.36478967431640624 0.18980223350694445
0 0.3261705693359375 0.16177139583333333 0.3304592783203125 0.1507204027777778 0.330579099609375 0.14318692274305556 0.32424309521484374 0.14309603125 0.321360259765625 0.14625142708333333 0.31926423046875 0.1552788203125 0.3233819921875 0.16302531510416665 0.3261705693359375 0.16177139583333333
0 0.2026112978515625 0.13328319791666668 0.20136437451171876 0.1281655798611111 0.20114472509765624 0.11682172569444445 0.19717474169921875 0.10481501475694445 0.1976308564453125 0.08921836805555555 0.19202813818359374 0.09735821354166667 0.187222615234375 0.09964878385416667 0.186952623046875 0.1025372092013889 0.19225336767578124 0.179791953125 0.1939619765625 0.19009173437500002 0.1955867158203125 0.19057172048611112 0.20327507421875 0.18512575520833333 0.20908148291015624 0.1792722265625 0.21159767529296875 0.17200146180555553 0.2132991044921875 0.1555854357638889 0.212390083984375 0.1483416484375 0.20926042626953126 0.1398481970486111 0.2026112978515625 0.13328319791666668
0 0.21584004443359375 0.19002501649305556 0.22097147265625 0.19139255121527776 0.22313858935546876 0.19500095572916665 0.22943385595703125 0.1946345842013889 0.23538804248046874 0.18452084114583334 0.23287745263671875 0.16225979427083334 0.2253496533203125 0.1606295442708333 0.221804619140625 0.16819000086805558 0.2136297958984375 0.17705407899305556 0.21239965673828126 0.1839627265625 0.21584004443359375 0.19002501649305556
0 0.2608790771484375 0.07703422482638889 0.26712082421875 0.07902659288194444 0.27127693017578125 0.07832508246527778 0.2726165024414062 0.0756042265625 0.27011820361328126 0.05849579253472222 0.25583367724609374 0.06251791927083333 0.2553658310546875 0.06546205555555556 0.2608790771484375 0.07703422482638889
0 0.3266370185546875 0.2853857942708333 0.3326343364257813 0.2846345824652778 0.333783 0.27681140885416666 0.3324817724609375 0.2710842586805555 0.3271466533203125 0.2674304079861111 0.322977765625 0.2709479210069444 0.3221933525390625 0.2739811935763889 0.3232245874023438 0.2825967690972222 0.3266370185546875 0.2853857942708333
0 0.3381611806640625 0.24604840190972224 0.34013978173828124 0.25345975868055554 0.3429690966796875 0.25266310156250005 0.34463218115234373 0.24469508072916668 0.349356228515625 0.241489984375 0.349720478515625 0.23670008333333334 0.34576566943359377 0.230782640625 0.3416095634765625 0.2314841501736111 0.33956705419921873 0.23815280555555557 0.3381611806640625 0.24604840190972224
0 0.3923614013671875 0.5199959071180555 0.384479740234375 0.5114342864583333 0.38303312841796877 0.5188726197916667 0.38082766650390626 0.5237122213541666 0.3781916533203125 0.5385164652777777 0.37754462939453126 0.5490107942708333 0.37201060546875 0.5608811675347222 0.372662416015625 0.5681973776041667 0.3754126484375 0.5753914635416666 0.38203621337890625 0.5875884670138889 0.38635527197265623 0.5887160078125 0.3974560625 0.5860590668402778 0.40094757666015624 0.5808573480902778 0.3977875693359375 0.5601853611111111 0.3939677568359375 0.5528237048611111 0.3883754267578125 0.5492422786458334 0.388006390625 0.536221640625 0.39142921044921875 0.5272893940972222 0.3923614013671875 0.5199959071180555
0 0.34124199658203125 0.5765757647569445 0.341853068359375 0.5834347118055556 0.34434609033203123 0.5907012204861111 0.3470148466796875 0.5969807803819445 0.35060301171875 0.5987828550347223 0.3534323276367187 0.5979861979166666 0.35795268359375 0.5924947864583333 0.36197939599609374 0.5637056788194444 0.359853017578125 0.5605545373263889 0.3528723818359375 0.5798632430555556 0.3499208520507813 0.5792881111111111 0.345112935546875 0.5726734123263889 0.34124199658203125 0.5765757647569445
0 0.3651075302734375 0.36501919618055556 0.360141447265625 0.3743859835069444 0.35989941162109373 0.3805476736111111 0.36135081005859376 0.3909198784722222 0.3640603046875 0.3976567013888889 0.3679592001953125 0.3970276137152778 0.37011114208984375 0.3945467517361111 0.370893162109375 0.38260821006944445 0.3745452358398437 0.3703302751736111 0.372378119140625 0.3667218706597222 0.3701958271484375 0.3570241979166667 0.3666356181640625 0.3584953888888889 0.3651075302734375 0.36501919618055556
0 0.365864802734375 0.3113703090277778 0.35886659912109375 0.31568447916666664 0.3594648896484375 0.3253594288194444 0.36346043603515626 0.3317341345486111 0.3656810732421875 0.3329837994791667 0.368591865234375 0.3331016692708333 0.3726792763671875 0.32866963020833334 0.37592396875 0.31181906336805554 0.3759495322265625 0.30618705902777776 0.3740116689453125 0.29923296614583333 0.3694633564453125 0.3014511137152778 0.36797600634765626 0.3084321831597222 0.365864802734375 0.3113703090277778
0 0.3795623369140625 0.6515641119791666 0.38487428564453124 0.6697552361111111 0.389343515625 0.6755278324652778 0.39195635888671876 0.6752608619791667 0.393537966796875 0.6663783151041667 0.39038035302734375 0.6546115980902778 0.3897005859375 0.6440221223958333 0.3874519931640625 0.6394991927083333 0.3842432524414062 0.6389964835069445 0.3802373173828125 0.6443430486111111 0.3795623369140625 0.6515641119791666
0 0.363746365234375 0.43852494357638894 0.3667258515625 0.4423733411458333 0.368376154296875 0.43722132291666665 0.36661163232421873 0.4203750112847222 0.36437582080078124 0.413036078125 0.36241239501953126 0.41171398958333333 0.3586229321289062 0.41653086718750004 0.35794795166015625 0.4237519314236111 0.363746365234375 0.43852494357638894
0 0.4499470205078125 0.44425219010416667 0.4506627392578125 0.43748838975694443 0.44909151953125 0.4346496640625 0.44332345556640623 0.4320551866319444 0.4412529897460937 0.4354505755208333 0.4414311171875 0.44336889583333333 0.44543944580078126 0.44692759982638885 0.4499470205078125 0.44425219010416667
0 0.44949890087890626 0.43922229600694446 0.45399369384765625 0.43936288802083334 0.4555904765625 0.43656960850694443 0.45680783447265627 0.43247696354166665 0.45585807568359377 0.42477591406250004 0.45191844189453123 0.4249477378472222 0.449590765625 0.42841555034722223 0.4484956220703125 0.43387998524305554 0.44949890087890626 0.43922229600694446
0 0.47371497900390624 0.5748988098958333 0.47039919921875 0.579113578125 0.46751875732421877 0.5911742439236112 0.4698536127929687 0.6144222395833334 0.46766332568359376 0.625351109375 0.47068355029296877 0.6296567690972222 0.47252476220703127 0.6296070694444444 0.47627348681640624 0.624332927951389 0.482739701171875 0.6051690677083333 0.48209827978515624 0.5861315859374999 0.4797682099609375 0.5806941284722222 0.47868345556640624 0.5744372925347222 0.47757313671875 0.5738124592013889 0.47371497900390624 0.5748988098958333
0 0.4815838583984375 0.5862764331597222 0.481181263671875 0.5995143402777778 0.482632662109375 0.6098865460069445 0.4873463203125 0.6184027204861111 0.49085300927734377 0.6192902690972222 0.49442839306640624 0.6239083463541667 0.4969214150390625 0.6311748559027778 0.5023252290039063 0.638559234375 0.5085390190429687 0.6372783368055556 0.5103930126953125 0.6344126345486111 0.5096876826171876 0.6294551631944444 0.500166107421875 0.6143242890625 0.49572244091796874 0.6029196883680555 0.49290112109375 0.5830898046875 0.4885820620117188 0.5819622630208333 0.4815838583984375 0.5862764331597222
0 0.518489568359375 0.5861969505208333 0.5151993515625 0.5847797152777778 0.5111654594726562 0.586853015625 0.5095686772460938 0.5896462951388889 0.508501490234375 0.5983839947916666 0.509789935546875 0.6069271467013889 0.5112261591796875 0.6112100842013889 0.5174016044921875 0.6183771935763889 0.5184304462890625 0.6180875 0.5191054272460938 0.6108664366319444 0.5240970732421875 0.5958676449652778 0.5320682055664062 0.5847172517361111 0.5320937690429688 0.5790852473958333 0.5299673896484375 0.5759341059027778 0.5217925668945312 0.5847981840277777 0.518489568359375 0.5861969505208333
0 0.4750449248046875 0.6874891927083334 0.474095166015625 0.6797881432291667 0.47008683740234375 0.6762294392361111 0.45692836328125 0.6794657673611111 0.4558332197265625 0.6849302022569445 0.4565665063476563 0.6931609383680555 0.4593574770507812 0.7008122873263889 0.46233696337890623 0.7046606848958333 0.464397041015625 0.7129865668402778 0.46458555712890626 0.7091836163194444 0.4680363330078125 0.7035246336805555 0.46846688427734373 0.6935599913194443 0.47113324755859376 0.6909342821180555 0.4735703564453125 0.6916542612847222 0.4750449248046875 0.6874891927083334
0 0.46362301611328127 0.7042985685763888 0.46031762451171876 0.6967920659722222 0.45810976953125 0.6927263984375 0.4534112861328125 0.6902994904513888 0.4494996083984375 0.6937445798611112 0.45076249072265623 0.7079197361111111 0.4552876337890625 0.7202388637152778 0.4558987060546875 0.7270978098958333 0.45427635986328124 0.7355230928819444 0.4492439755859375 0.7500646215277778 0.45123775146484374 0.7635652447916667 0.4536213403320313 0.7666439626736111 0.4604717661132812 0.7665900086805555 0.46949969677734377 0.7584231866319445 0.47864744921875 0.7427228836805555 0.47999741015625 0.7282807569444444 0.4763940698242187 0.7203894149305555 0.4708704345703125 0.720538515625 0.4666863720703125 0.7179667612847223 0.46362301611328127 0.7042985685763888
0 0.48806519384765623 0.7241341571180555 0.48681987939453125 0.7249535364583334 0.485467525390625 0.7304903949652778 0.4850521484375 0.7465443038194445 0.48604264599609376 0.7547026163194445 0.48930729931640626 0.7617518567708333 0.48527580078125 0.7727304262152778 0.48403287939453127 0.7824550755208333 0.4887721015625 0.7853392465277778 0.49099273779296876 0.7865889114583333 0.49663380078125 0.7700010607638889 0.5031303647460937 0.7630157361111112 0.5037518256835938 0.7581534105902779 0.5063239306640624 0.7574291770833333 0.505957287109375 0.7533138090277778 0.49983296875 0.7348826927083334 0.48806519384765623 0.7241341571180555
0 0.4313686337890625 0.7832218550347222 0.437434646484375 0.786201171875 0.44665348681640626 0.7831366675347222 0.44911615869140625 0.7782246423611111 0.4403789965820312 0.7600604956597222 0.44091658837890624 0.7453783758680556 0.43625884228515627 0.7434087309027778 0.43029187451171874 0.7563384765625 0.4295505927734375 0.76873428125 0.4313686337890625 0.7832218550347222
0 0.39733537060546875 0.7918672118055556 0.3966452158203125 0.7929990086805555 0.39907432958984373 0.8143455277777778 0.40735059033203125 0.8302957821180555 0.4079488803710937 0.8399707309027779 0.41078058935546874 0.8480793437499999 0.4145980087890625 0.8465357300347223 0.41619479150390626 0.8437424513888889 0.41470026220703127 0.8240077135416667 0.4173921884765625 0.81575 0.41592800830078125 0.808193796875 0.413557201171875 0.8022990772569445 0.4076389658203125 0.7950595442708334 0.39733537060546875 0.7918672118055556
0 0.5338350122070312 0.9123334652777779 0.5245067392578125 0.9112101779513888 0.52029711328125 0.9142704279513888 0.5182546044921875 0.9209390824652777 0.517378326171875 0.9347790998263888 0.5174749770507813 0.9417828932291665 0.518572513671875 0.9452237274305555 0.52167421484375 0.9504439149305556 0.5239100263671875 0.9577828472222222 0.5260316186523437 0.9431234505208335 0.5330809487304687 0.9275452725694444 0.5424323916015625 0.9141312864583333 0.543838265625 0.9062356892361111 0.5392084765625 0.9075393098958333 0.5338350122070312 0.9123334652777779
0 0.5132286376953125 0.8586064513888889 0.5139211860351562 0.866379923611111 0.515316671875 0.8702055980902778 0.5191213090820312 0.8714779869791667 0.5244540356445313 0.8662265677083334 0.5254141826171875 0.8622063472222222 0.5250603212890625 0.8552749765625001 0.5202803608398437 0.8519335416666667 0.5183704545898438 0.8482527144097223 0.5157576118164062 0.8485196848958334 0.5132286376953125 0.8586064513888889
0 0.46169692626953124 1 0.4622402045898438 0.9995215243055555 0.4618456044921875 0.9921328906249999 0.4595690546875 0.9843366944444445 0.44907933740234374 0.9938525833333333 0.444380853515625 0.9914256753472223 0.44099637890625 0.9919099157986112 0.43445907666015626 0.9984379774305556 0.43180549560546877 0.9982476857638889 0.431546859375 1 0.46169692626953124 1
0 0.442234513671875 0.9643747282986112 0.44012331005859373 0.9673128532986112 0.4375767680664063 0.9624050833333333 0.43405729736328125 0.9643335364583332 0.433163451171875 0.9631790173611111 0.430120056640625 0.9734106302083334 0.427359435546875 0.9779378151041667 0.4190472236328125 0.9793408368055556 0.4173561826171875 0.9840355920138888 0.42038918896484373 0.98552525 0.4274049599609375 0.9962056171874999 0.4295848583984375 0.9969980199652778 0.43678675244140625 0.9949701657986112 0.44148284326171877 0.9884918046875 0.44417476953125 0.9802340902777777 0.45321787548828124 0.9781565364583334 0.4556805478515625 0.9732445112847221 0.4519014736328125 0.9663401180555555 0.44804331591796875 0.96742646875 0.442234513671875 0.9643747282986112
0 0.4249814487304687 0.9453272873263889 0.42452294091796877 0.9520186640624999 0.4221137880859375 0.9545719505208334 0.41665645458984374 0.9495463107638888 0.41531448876953125 0.9433618967013889 0.41348605908203123 0.940595595486111 0.41174149853515624 0.9476490894097223 0.41193480078125 0.9616566770833335 0.40633208251953123 0.9697965208333333 0.40707815087890625 0.9752112543402779 0.40997616064453124 0.9781451267361112 0.4169743642578125 0.9738309565972223 0.41937312841796875 0.9829989418402777 0.42224318212890627 0.982659548611111 0.42446142529296876 0.9750039444444444 0.42716852685546874 0.9728354982638889 0.4310115092773438 0.9656598802083334 0.43287589111328123 0.95107290625 0.4249814487304687 0.9453272873263889
0 0.4240524663085937 0.9141836944444444 0.4185440068359375 0.9204220633680555 0.4127935107421875 0.9328221223958333 0.41164724072265624 0.9495505651041667 0.41319289697265627 0.9580212942708334 0.4262035927734375 0.9590451814236111 0.445318646484375 0.9546003776041666 0.4527649697265625 0.9553161024305555 0.45432101416015624 0.9520655598958333 0.4546165698242188 0.9435451302083333 0.45360050927734374 0.9410188220486112 0.43931654248046875 0.9375410503472222 0.42934684765625 0.9173802821180556 0.4240524663085937 0.9141836944444444
0 0.40922133544921874 0.8897669661458334 0.4057833413085937 0.8926099453125 0.40401082421875 0.8963901744791668 0.4024699541015625 0.9057299835069446 0.403312673828125 0.9181485112847222 0.40561478662109374 0.9203127031249999 0.41354757421875 0.9176103159722222 0.422789583984375 0.9000085381944444 0.42588889208984376 0.8963234557291666 0.42767419091796877 0.8897272248263888 0.42654869775390625 0.8830131250000001 0.4236379057617187 0.8828952552083333 0.4163289716796875 0.8896405868055557 0.40922133544921874 0.8897669661458334
0 0.45066497021484375 0.8991906085069444 0.4538201904296875 0.9020520564236111 0.45775982421875 0.9018802317708333 0.4601410205078125 0.8960536805555557 0.46120820751953123 0.8873159809027777 0.45979754736328127 0.8774010390625 0.45818558984375 0.8741050512152778 0.4539352255859375 0.8767080373263889 0.44783326123046874 0.8910819965277779 0.45066497021484375 0.8991906085069444
0 0.44106034130859373 0.8268975894097221 0.4436196645507812 0.8289893576388888 0.4546797163085938 0.8258751536458333 0.459727275390625 0.8174228923611111 0.4593734140625 0.8104915225694445 0.4559737641601562 0.8048864956597223 0.445385001953125 0.7984933203125 0.443110845703125 0.7996023949652779 0.4397846767578125 0.8155384340277778 0.44106034130859373 0.8268975894097221
0 0.3925234296875 0.8710319409722223 0.39459628857421875 0.8765418220486111 0.39779224755859377 0.8798605329861111 0.39911903857421877 0.8799556788194445 0.4006750830078125 0.8767051371527779 0.4023789052734375 0.8691943802083333 0.4024987265625 0.8616609001736112 0.40038512939453125 0.8556937560763889 0.39683770263671875 0.8543489444444444 0.3933589697265625 0.8567346605902778 0.3925234296875 0.8710319409722223
0 0.3697459140625 0.8994759513888889 0.3736192465820313 0.9044788671875001 0.37661151416015626 0.9055112638888888 0.37922435791015624 0.9052442925347223 0.3809153984375 0.9005495381944445 0.3810224379882812 0.8958320598958333 0.37916605126953123 0.8897924930555556 0.372394708984375 0.8818557048611111 0.36960373828125 0.8742043559027778 0.363499380859375 0.8796730451388889 0.3697459140625 0.8994759513888889
0 0.3333091005859375 0.8811427847222223 0.3290331733398438 0.889377775173611 0.3296849833984375 0.8966939852430555 0.33784941796875 0.8995511788194445 0.34295528369140627 0.9065507178819444 0.3457845986328125 0.9057540607638889 0.34759785400390625 0.902431095486111 0.34954610546875 0.8976639166666666 0.3505190341796875 0.8908276927083334 0.3498672241210937 0.8835114835069445 0.3482145283203125 0.8797582317708333 0.3429736669921875 0.8742029053819445 0.3333091005859375 0.8811427847222223
0 0.28821344677734373 0.7330647612847222 0.2810395087890625 0.7383658810763889 0.2799978857421875 0.7414715763888888 0.2876782490234375 0.7566521510416666 0.294928060546875 0.7817973680555556 0.29904582177734373 0.7895438637152777 0.306074375 0.7974082282986111 0.3086057421875 0.7962267309027777 0.31112193408203126 0.7889559678819444 0.31276984326171875 0.7748986796874999 0.308081748046875 0.7607505008680556 0.3037882524414062 0.7539909548611111 0.296611921875 0.7503868046875 0.29452628125 0.7476929262152778 0.28821344677734373 0.7330647612847222