0 0.7145459536132812 0.1730637204861111 0.7168700991210938 0.17199294444444446 0.7187555239257812 0.1751186111111111 0.721627451171875 0.1754035625 0.7270441215820312 0.159316953125 0.7290807436523438 0.1568742907986111 0.7319890239257812 0.1590099670138889 0.7327425327148438 0.15757345225694444 0.7325971181640625 0.15017055729166665 0.7350270190429687 0.14121804774305555 0.7356623784179688 0.13376668142361112 0.7310562236328125 0.124787734375 0.726577306640625 0.1222863203125 0.7159430815429687 0.12479948871527778 0.7131620385742188 0.12914134635416666 0.711700462890625 0.13432777864583334 0.7118549658203125 0.14219335503472222 0.71384036328125 0.15040851215277776 0.71484834765625 0.16192706336805554 0.7136833842773438 0.16894806336805557 0.7145459536132812 0.1730637204861111
0 0.660344119140625 0 0.657482509765625 0.014007246527777779 0.6588655952148438 0.018090588541666664 0.6606874018554687 0.017977488715277778 0.66579258984375 0.012564855034722221 0.6788054912109375 0.011756996527777779 0.6907114116210937 0 0.660344119140625 0
0 0.6765697646484375 0.18978193489583334 0.6755923510742188 0.19308532986111113 0.6802530361328125 0.20484036284722223 0.6878914033203125 0.20899861371527778 0.693293203125 0.205420546875 0.6972028559570312 0.19220696527777778 0.6966063266601562 0.1751039279513889 0.6930048500976562 0.1642096284722222 0.6900114682617188 0.14447592013888888 0.689775169921875 0.13244621527777778 0.6918027036132812 0.12954087239583334 0.6861042919921875 0.1312843732638889 0.6793194067382813 0.13077909722222222 0.6815468852539063 0.13805273524305556 0.6845311791992188 0.15732376302083334 0.68456175 0.17214571006944446 0.6814510478515625 0.18623618142361112 0.6799349418945313 0.18864652951388888 0.6765697646484375 0.18978193489583334
0 0.6088448403320312 0.17777280989583333 0.6140929663085938 0.20616819878472223 0.6180001430664063 0.21935974565972222 0.6299298759765625 0.22973701475694444 0.6321994912109375 0.22589015364583334 0.63094942578125 0.21531312065972222 0.6351011596679688 0.20115801996527777 0.6378607192382812 0.1824568967013889 0.63617193359375 0.1760763064236111 0.6360689345703125 0.17083274305555554 0.6427444794921875 0.152506015625 0.6428865888671875 0.14647500694444443 0.634869814453125 0.13631805989583334 0.6337775576171875 0.1470405078125 0.6267993388671875 0.16322405989583333 0.6136980302734375 0.13299998177083333 0.61028741015625 0.1318219826388889 0.60829623046875 0.1365780486111111 0.6078756865234375 0.14169985416666667 0.6095859555664063 0.16243971006944447 0.6088448403320312 0.17777280989583333
0 0.6798217568359375 0.2757436467013889 0.6765078041992187 0.2662212326388889 0.6746405556640624 0.2640209279513889 0.670721814453125 0.276771828125 0.6671509091796874 0.2806994765625 0.6664428422851563 0.28444939496527777 0.6680680092773438 0.28759121875000004 0.6756336689453125 0.2880480217013889 0.679976259765625 0.28360922135416666 0.6798217568359375 0.2757436467013889
0 0.61225427734375 0 0.6091984482421875 0.010056109375 0.6100701064453125 0.014634447916666666 0.6148910771484375 0.021283832465277777 0.6174573037109375 0.019271536458333335 0.6201838159179688 0.01215359375 0.6186112817382813 0 0.61225427734375 0
0 0.5812417783203125 0.006232756076388889 0.5770685615234376 0.006028590277777778 0.5760638833007813 0.007943941840277777 0.5766149702148438 0.022733575520833334 0.5758978149414062 0.026020813368055555 0.5800801201171875 0.02668766059027778 0.5836601137695312 0.023222693576388887 0.5847341938476562 0.011574883680555556 0.5812417783203125 0.006232756076388889
0 0.5766546298828125 0.038018203125000004 0.5750385512695313 0.03533906076388889 0.5711346811523438 0.03558141840277778 0.5661476420898437 0.04700890451388889 0.5661145947265624 0.05859208506944444 0.5695888330078125 0.0630088515625 0.5705753344726563 0.06016813715277777 0.5759407802734375 0.05473934548611111 0.577608083984375 0.04676066927083333 0.5766546298828125 0.038018203125000004
0 0.5748526704101562 0.2646569548611111 0.578441751953125 0.2616546684027778 0.5803478305664063 0.2393005685763889 0.5789341733398438 0.22039527864583333 0.5770305717773437 0.21634425086805556 0.5749303305664063 0.2155481467013889 0.572578919921875 0.2152308793402778 0.5692410078125 0.21775432812499998 0.5641630849609375 0.22455500520833332 0.5620207075195313 0.23487939930555557 0.5629378076171875 0.2417711423611111 0.56988628515625 0.2506046744791667 0.571451138671875 0.26394163541666665 0.5748526704101562 0.2646569548611111
0 0.5367170131835938 0.1803976232638889 0.5411595766601562 0.18104831336805555 0.5533611328125 0.16546697916666667 0.5546682055664063 0.15241496961805556 0.55427162109375 0.1454909123263889 0.550285955078125 0.14156914149305555 0.5463820844726562 0.14181149913194446 0.5430896147460937 0.14664835243055557 0.5356602807617188 0.1531317621527778 0.5249806137695312 0.15333152604166667 0.5207107299804687 0.1614717734375 0.5323892934570312 0.17232788194444443 0.5326949936523437 0.17462512847222222 0.5367170131835938 0.1803976232638889
0 0.5236851059570312 0.1404410876736111 0.5232794331054688 0.1330543498263889 0.520549615234375 0.1267383888888889 0.5179015927734375 0.1245865564236111 0.5122180522460937 0.11382151388888889 0.5051183784179688 0.11055630989583333 0.5022464521484375 0.11027135850694444 0.4999768369140625 0.11411821961805556 0.49933238916015626 0.12110690538194444 0.5010757055664062 0.13026358159722223 0.5128963774414063 0.13508867968750002 0.516137623046875 0.14090964583333332 0.5227440463867188 0.14559520659722222 0.5236851059570312 0.1404410876736111
0 0.4982583090820312 0.1327547152777778 0.497138787109375 0.14208911979166666 0.5004709165039063 0.15253689496527778 0.5005345356445312 0.15577566145833333 0.5057396962890625 0.15545251822916667 0.505709125 0.14063057118055555 0.5013450517578125 0.13071010503472225 0.4982583090820312 0.1327547152777778
0 0.49761220263671874 0.0600653359375 0.500187517578125 0.05851572135416667 0.5047267475585937 0.05082199739583333 0.508490986328125 0.030205520833333332 0.5042087080078125 0.02444918402777778 0.5005741845703126 0.025138065104166666 0.49883417333984376 0.02941529427083333 0.4919071791992187 0.03494102777777777 0.48991599951171877 0.03969709461805556 0.488714681640625 0.04486737152777778 0.48912035400390624 0.052254108506944445 0.492388865234375 0.05946311805555556 0.49761220263671874 0.0600653359375
0 0.49397684912109374 0.02091518576388889 0.484882689453125 0.008972144097222223 0.4822619326171875 0.008208353298611111 0.4802162216796875 0.010188335069444445 0.47828866015625 0.018183168402777776 0.479735365234375 0.025505277777777776 0.48533710986328127 0.03210619097222222 0.49209473046875 0.03122342361111111 0.4943552568359375 0.026913880208333334 0.49397684912109374 0.02091518576388889
0 0.45643607421875 0.020003052083333334 0.46085137255859376 0.019265698784722222 0.46494279345703127 0.015305736979166666 0.46498493017578124 0.004185236979166666 0.4644840361328125 0.001900107638888889 0.451770431640625 0.0026893854166666667 0.4520356474609375 0.008231861979166666 0.45643607421875 0.020003052083333334
0 0.4646990649414062 0.08249141579861112 0.45947572802734377 0.08188919704861111 0.4541193701171875 0.08778066927083333 0.4536203369140625 0.10217225 0.46493288720703124 0.1209262482638889 0.47194167724609376 0.11956464236111113 0.4734396064453125 0.11622893315972223 0.472104439453125 0.08805386718750001 0.4646990649414062 0.08249141579861112
0 0.47906944580078126 0.16405692100694444 0.47373704736328126 0.15790253211805555 0.47202099609375 0.1501338984375 0.47238700927734373 0.14223600868055555 0.471173296875 0.13350969965277779 0.466791046875 0.12266387152777779 0.466179646484375 0.1180693767361111 0.464851091796875 0.11676211979166667 0.46275993896484374 0.11642869618055555 0.4588502861328125 0.1296422777777778 0.4580728173828125 0.14312465277777778 0.46135950537109377 0.1512590234375 0.46536334814453123 0.15610615625000002 0.4730595517578125 0.17647439756944444 0.4776442236328125 0.171094078125 0.47906944580078126 0.16405692100694444
0 0.4965150034179687 0.2695202638888889 0.49556485546875 0.2742117013888889 0.4974684575195312 0.27826273003472224 0.5011302465820312 0.27896189149305556 0.5090164770507812 0.2692074001736111 0.5185642290039062 0.26444545659722224 0.5203827290039063 0.2508984522569444 0.5172654155273437 0.23812111458333332 0.512453533203125 0.23193441059027778 0.5071756650390625 0.22855610677083332 0.5045639965820312 0.22825499739583333 0.49878709521484377 0.23926827343749998 0.49866316357421875 0.2462246449652778 0.5031966108398438 0.25150214409722227 0.5033056713867188 0.2570543159722222 0.5021043544921875 0.2622245920138889 0.49927786962890625 0.26425304427083335 0.4965150034179687 0.2695202638888889
0 0.4884536162109375 0.2968889444444444 0.4997265078125 0.30035831510416666 0.5042145126953125 0.30332240972222224 0.5066568071289063 0.30826648524305555 0.512204021484375 0.31209131336805557 0.5187195610351563 0.31215006510416665 0.5251533041992188 0.30804468836805554 0.526893314453125 0.30376745920138887 0.5272320625 0.29448152604166666 0.524617087890625 0.2807465121527778 0.5219690659179688 0.2785946796875 0.5188459697265625 0.27878856597222224 0.5166308852539062 0.28541151302083334 0.5112109086914063 0.28806421875 0.5057364013671874 0.2879408385416667 0.49936297119140627 0.2818510772569444 0.48999368212890626 0.2824327361111111 0.4884536162109375 0.2968889444444444
0 0.39460950732421873 0.01642940711805556 0.39223413720703126 0.028158002604166663 0.3896769990234375 0.030632978298611113 0.3931966796875 0.03736314930555555 0.3983836635742187 0.036114644965277776 0.40183063671875 0.03914336805555555 0.40821893798828124 0.03272458680555555 0.41059761376953124 0.03442989496527778 0.41319110595703124 0.03380564322916667 0.420641921875 0.04168149913194444 0.424294623046875 0.04191797916666667 0.42735410009765623 0.03848532638888889 0.43073745458984375 0.03827528385416667 0.4359483974609375 0.02498091579861111 0.43540639892578126 0.010653964409722223 0.43397787109375 0.004257217013888889 0.43370852490234374 0.003810693576388889 0.40351859326171874 0.005684925347222222 0.398207677734375 0.013889802083333335 0.39460950732421873 0.01642940711805556
0 0.4091484326171875 0.0535129140625 0.4110520341796875 0.05756394270833333 0.4119600458984375 0.06399300347222221 0.420327962890625 0.07876060243055555 0.4223464077148438 0.075392578125 0.42639816943359377 0.05614798784722222 0.4255446884765625 0.05249501215277778 0.41981570556640624 0.03941656510416666 0.4132001943359375 0.03426832378472222 0.4090542421875 0.03545220052083334 0.404296890625 0.03204158159722222 0.402502349609375 0.03354272482638889 0.3951969482421875 0.03306976388888889 0.3930421767578125 0.029497573784722224 0.39123854736328123 0.030536035590277774 0.39189538916015626 0.03744393576388889 0.39611404833984376 0.03996150607638889 0.397757392578125 0.04402869184027777 0.4091484326171875 0.0535129140625
0 0.35976137841796874 0.12606570399305556 0.36073879150390625 0.12276230815972222 0.36103209765625 0.11116297048611111 0.36293239404296873 0.10178009461805555 0.3630472373046875 0.09436104253472222 0.3612403017578125 0.08196559982638889 0.345452140625 0.07414409288194444 0.34209605126953124 0.07574217881944445 0.33087769091796876 0.07504889496527778 0.3263351552734375 0.06930871354166666 0.32503386474609375 0.0693895 0.32554859814453124 0.08232840972222222 0.3277306352539063 0.08728864149305555 0.357679314453125 0.12619496180555556 0.35976137841796874 0.12606570399305556
0 0.3302126005859375 0.2534395703125 0.33613822216796874 0.26326309288194444 0.3403023505859375 0.263004578125 0.340946798828125 0.2560158923611111 0.3326234946289062 0.20372266666666666 0.33308948046875 0.20091426649305555 0.3276686748046875 0.16372794010416666 0.32623105810546876 0.15686851128472223 0.3241035522460938 0.15468436458333334 0.31811761767578123 0.15505598003472224 0.3161264370117188 0.15981204600694443 0.3173013188476563 0.1930927595486111 0.31463264306640626 0.21642069270833333 0.319456919921875 0.23650398177083332 0.32375737451171877 0.24318568055555556 0.3262360229492188 0.2499804800347222 0.3302126005859375 0.2534395703125
0 0.3921928413085938 0.2250397586805556 0.390162001953125 0.21451119791666665 0.38801631884765625 0.21140168836805553 0.3851534799804687 0.21157941666666666 0.3832622729492188 0.22142497395833333 0.3754760146484375 0.23626895659722225 0.37448951318359375 0.2391096701388889 0.37505547119140625 0.24139076041666666 0.37845700244140623 0.24210607899305556 0.38868555517578124 0.2322061736111111 0.3921928413085938 0.2250397586805556
0 0.42609992138671876 0.26647980642361113 0.42964686767578125 0.2745980199652778 0.4330756635742187 0.2767013810763889 0.4352486123046875 0.2811989331597222 0.44418826904296876 0.2852763984375 0.4474443857421875 0.27858882204861113 0.4491026005859375 0.2701474644097222 0.447126291015625 0.2623949895833333 0.4441453037109375 0.2565578654513889 0.4442692353515625 0.24960149479166668 0.44137004345703124 0.2479285 0.435668326171875 0.23623809548611108 0.42878346826171876 0.23064333072916668 0.4256149301757812 0.22852381163194446 0.42387491943359373 0.23280103993055556 0.4215598623046875 0.23433449739583334 0.414551072265625 0.2356961032986111 0.4138066518554688 0.23759529861111112 0.416206810546875 0.25365987413194446 0.4189275400390625 0.2595131545138889 0.42609992138671876 0.26647980642361113
0 0.43555183544921877 0.3099013081597222 0.4420161499023437 0.32061787847222223 0.44314806640625 0.3251800598958334 0.44774513232421875 0.33369632552083334 0.4487679877929687 0.3327063342013889 0.44787815283203125 0.3272026345486111 0.4481078393554688 0.31236453124999997 0.4519902275390625 0.29776290625 0.44944796044921875 0.2877293402777778 0.44861265576171877 0.2850017265625 0.443549603515625 0.2792938611111111 0.4402538271484375 0.27069680902777776 0.43573855712890625 0.266344671875 0.4321461689453125 0.2559130529513889 0.4300550166015625 0.2555796293402778 0.427506966796875 0.2585172873263889 0.4239872861328125 0.25178711631944445 0.4209096318359375 0.25429440711805557 0.41928446484375 0.2511525833333333 0.419681048828125 0.25807663975694445 0.42182673193359377 0.2611861501736111 0.42628747265625 0.2627622013888889 0.427116994140625 0.2784610390625 0.42979558740234375 0.29543481944444444 0.43555183544921877 0.3099013081597222
0 0.4690218427734375 0.28929363802083335 0.4640678515625 0.2891379435763889 0.459259275390625 0.2963851440972222 0.4663168134765625 0.3107708472222222 0.4678420078125 0.3088231805555555 0.47098328125 0.3095546571180556 0.471467443359375 0.30767161805555554 0.47150957958984374 0.29655111805555556 0.4690218427734375 0.28929363802083335
0 0.45761262548828124 0.2788840538194444 0.4528098315429688 0.27316003125 0.450252693359375 0.2756350069444444 0.44859447900390625 0.2840763645833333 0.45249256640625 0.2968052309027778 0.4571772109375 0.2965144019097222 0.4602366884765625 0.2930817482638889 0.46056634814453123 0.2833331345486111 0.45761262548828124 0.2788840538194444
0 0.7712087114257813 0.709689875 0.7733362172851562 0.7118740225694444 0.7766741298828125 0.7093505746527778 0.778090263671875 0.7018507369791667 0.7760213481445313 0.6628525651041666 0.775473630859375 0.608437657986111 0.774350802734375 0.6043381579861111 0.7728074311523437 0.6053604635416667 0.7671214145507812 0.6210005494791667 0.7587328447265625 0.631712717013889 0.7557857333984375 0.6541314453125 0.7589757548828125 0.6706102300347223 0.7646411186523437 0.6804499105902777 0.7649319477539063 0.6952556996527778 0.7712087114257813 0.709689875
0 0.72620471484375 0.541083076388889 0.7237987734375 0.5379897239583333 0.71961646875 0.5373228767361111 0.7119450537109375 0.5447478064236111 0.7091127866210938 0.5597474817708333 0.716681751953125 0.5736381909722222 0.7230460942382813 0.5792652699652777 0.7280273505859375 0.5808090078125 0.734757705078125 0.5785381979166666 0.7400958862304687 0.5717213637152778 0.74151201953125 0.5642215260416666 0.7501063173828125 0.5507171154513889 0.7540977661132813 0.5416676623263889 0.7586824379882813 0.53628734375 0.7617964458007812 0.5356307760416666 0.7613725966796875 0.5273186762152778 0.7589575668945312 0.5237626440972222 0.756354986328125 0.5239242161458333 0.7538218076171875 0.5143533307291667 0.7520000014648438 0.5144664305555556 0.75163398828125 0.5223643203125 0.7488620346679687 0.527168859375 0.7460355498046874 0.5291973116319445 0.7375139594726563 0.5464031692708333 0.735189814453125 0.5474739461805556 0.731975833984375 0.5430410225694444 0.72620471484375 0.541083076388889
0 0.7209202353515625 0.5108369635416667 0.716441318359375 0.5083355494791666 0.7147888862304688 0.5038056822916667 0.712679556640625 0.5025468975694445 0.7097985415039062 0.5017992647569445 0.7069902338867188 0.5047530798611111 0.7065275541992188 0.5209953836805555 0.7143295122070312 0.5334818923611111 0.719552849609375 0.5340841102430556 0.7213201254882813 0.5311949236111111 0.722494177734375 0.5246366059027777 0.7209202353515625 0.5108369635416667
0 0.6899148237304688 0.4446647829861111 0.6870065434570313 0.4425291067708333 0.6839107124023438 0.44411103645833333 0.681950103515625 0.46368905034722224 0.6827672314453125 0.46549130208333334 0.6877121337890625 0.4651843159722222 0.6930684912109375 0.45929284375 0.6936584086914063 0.4495280729166667 0.6899148237304688 0.4446647829861111
0 0.682210361328125 0.46367289322916666 0.6836901137695313 0.45941182118055557 0.6830787133789062 0.4548173263888889 0.662478669921875 0.4408091154513889 0.658305453125 0.44060494878472223 0.657158666015625 0.4485513107638888 0.6578336850585937 0.4563845729166667 0.6695122485351562 0.4672406796875 0.6710407485351563 0.47872691753472224 0.6765425209960938 0.4802383411458333 0.6809305537109375 0.47811294444444447 0.682210361328125 0.46367289322916666
0 0.6875981196289063 0.5124424001736112 0.689023341796875 0.5054052430555556 0.68812441796875 0.4994388628472222 0.6843535678710938 0.49318752951388883 0.6814543754882812 0.49151453472222223 0.6790302578125 0.48749582118055557 0.6675458569335937 0.4997899175347222 0.6692619077148437 0.5075585503472222 0.6762921806640625 0.5205562118055556 0.6796846235351562 0.5208088489583333 0.6858581088867187 0.5167196284722223 0.6875981196289063 0.5124424001736112
0 0.6289136435546875 0.4035170390625 0.6346360141601562 0.38972767708333333 0.6387274350585938 0.38576771440972224 0.6427188842773438 0.3767182621527778 0.64307580859375 0.3683576909722222 0.6411358530273438 0.36245593836805556 0.638469654296875 0.35937874392361113 0.6350681225585938 0.35866342534722223 0.6319904682617188 0.36117071614583335 0.6309890961914062 0.3765199730902778 0.6273818374023438 0.37859689670138885 0.62280625390625 0.3844398975694444 0.622179982421875 0.3923539453125 0.623850591796875 0.3978091736111111 0.6289136435546875 0.4035170390625
0 0.6223253969726562 0.39975683940972223 0.619913673828125 0.4096347109375 0.6143243227539062 0.4169303828125 0.6088407275390625 0.4163443229166667 0.6068222827148437 0.41971234635416665 0.6123273603515625 0.43465767361111113 0.6144276015625 0.43545377864583334 0.6279395361328125 0.42025433854166666 0.6328389965820312 0.41763394791666664 0.64040465625 0.4180907517361111 0.6479760986328125 0.40557633246527774 0.6501093872070313 0.3947892560763889 0.6553236362304687 0.39492879340277776 0.6563374033203125 0.3934761215277778 0.6570363818359375 0.3892635217013889 0.6559499072265625 0.3870147465277778 0.6507174819335938 0.3859498472222222 0.6472250659179688 0.38060771875 0.6432088291015625 0.36186400086805554 0.6400221137695312 0.3588191206597222 0.6287673994140625 0.35627511197916667 0.6294242421875 0.3631830112847222 0.6313551088867188 0.3686220824652778 0.6301992338867187 0.3761057638888889 0.6263498935546875 0.37912420746527775 0.623577939453125 0.38392874479166667 0.62214362890625 0.39050322135416665 0.6223253969726562 0.39975683940972223
0 0.7153606489257812 0.7849599991319445 0.7247117607421875 0.7834529791666667 0.7267483833007813 0.7810103168402778 0.72696319921875 0.7786807552083332 0.7271325732421875 0.7740377881944445 0.7256858681640626 0.7667156788194445 0.7169940747070312 0.7487254713541667 0.716912279296875 0.7445613428819444 0.718195392578125 0.7435551953125 0.7186432016601563 0.7398214331597222 0.7125482060546875 0.7346408767361111 0.7094717895507813 0.7239456041666666 0.7089888657226563 0.7126260772569445 0.7076784873046875 0.7122441831597223 0.70750911328125 0.7168871493055556 0.705741837890625 0.7197763350694444 0.7053849130859375 0.72813690625 0.70721911328125 0.7419203914930556 0.7057666264648438 0.7475695060763888 0.7116352407226563 0.7810220711805556 0.7153606489257812 0.7849599991319445
0 0.650719162109375 0.7574723602430555 0.6655092568359375 0.7940770286458334 0.6717645375976562 0.7941519375 0.6810702080078125 0.7903315121527777 0.6875766586914063 0.7899275833333333 0.6918465419921875 0.7817873350694444 0.6964312138671875 0.7764070164930555 0.69960553515625 0.7655553107638888 0.704153853515625 0.7583242673611111 0.7066804204101562 0.7410273446180555 0.7071794536132813 0.7266357630208333 0.7060566259765625 0.7225362630208333 0.6944904296875 0.7306662317708333 0.685892826171875 0.7307367369791666 0.6784634926757812 0.7372201475694444 0.6707102822265625 0.7404809487847221 0.6642947158203125 0.7455116875000001 0.6510397329101563 0.7472610651041667 0.6503044008789063 0.7496229409722222 0.650719162109375 0.7574723602430555
0 0.6329811274414062 0.7034473871527778 0.6304843022460938 0.6957272265625 0.6280965380859375 0.6935592361111111 0.6219775830078125 0.7004245416666667 0.6204887421875 0.7042229314236111 0.6211637612304688 0.7120561935763888 0.628560046875 0.7171559635416667 0.63131382421875 0.7114260633680556 0.6319673608398437 0.7049000590277777 0.6329811274414062 0.7034473871527778
0 0.49898540380859374 0.4616136388888889 0.5007196318359375 0.47030763454861113 0.5116926049804688 0.4585085329861111 0.521806314453125 0.45602767881944445 0.5302039731445313 0.4457781927083333 0.5303279047851562 0.43882182118055557 0.524042052734375 0.4239249652777778 0.5216452001953125 0.4212942942708333 0.5206859633789063 0.4255230512152778 0.5212973637695313 0.430117546875 0.52011422265625 0.43621318489583333 0.5185981166992187 0.4386235329861111 0.5042508774414063 0.45109535763888886 0.499693470703125 0.4578637204861111 0.49898540380859374 0.4616136388888889
0 0.5261538696289062 0.5447008472222222 0.535635525390625 0.563105265625 0.5493597993164062 0.5719813923611111 0.5511452524414062 0.570017568576389 0.550424791015625 0.5598709010416667 0.55175912890625 0.5482069348958334 0.5507965869140625 0.5390017873263889 0.5464325131835938 0.529081322048611 0.5466473291015626 0.5267517595486111 0.5493556645507812 0.5187084557291667 0.5544881176757812 0.5146838645833333 0.5582374848632813 0.5065759305555555 0.5539642958984375 0.5012822743055555 0.5460929360351563 0.49852822309027783 0.5429607514648438 0.49825942881944446 0.5414446455078125 0.5006697751736111 0.53671208203125 0.525052328125 0.5318762407226563 0.5309114861111112 0.5282235395507813 0.5306750052083333 0.5259266591796875 0.5331338246527778 0.5252185927734375 0.5368837439236112 0.5261538696289062 0.5447008472222222
0 0.563294765625 0.6711772447916666 0.5679248798828125 0.6681103298611111 0.5744222421875 0.6672437196180555 0.5794125864257812 0.6692501380208333 0.5834222119140625 0.6611260477430556 0.5834825249023438 0.6509309088541666 0.5806287749023438 0.6515713194444444 0.57452469140625 0.6459280815972223 0.5603798735351563 0.6421737604166666 0.5496126279296875 0.6511806180555556 0.5458723486328125 0.6597512326388889 0.5447164731445312 0.6672349131944445 0.5478156103515625 0.6790868888888889 0.5533355590820312 0.6815236744791666 0.5577145034179688 0.6789355972222223 0.563294765625 0.6711772447916666
0 0.5631080439453126 0.7147338810763889 0.5703952690429688 0.7142814800347222 0.5712727094726563 0.7058885946180555 0.5666483779296875 0.6959842864583333 0.5618819375 0.6921109869791667 0.5553721811523438 0.6790810121527778 0.550400013671875 0.6779999548611111 0.548354302734375 0.6799799366319444 0.5481849291992188 0.6846229036458333 0.5485088056640625 0.6878455121527778 0.5536627421875 0.6981801875 0.5561959208984375 0.7077510729166667 0.5583506923828125 0.7113232638888889 0.5631080439453126 0.7147338810763889
0 0.5347894848632813 0.6261591302083334 0.5320960209960938 0.6216938923611112 0.5300139565429688 0.6218231501736111 0.5275022602539062 0.62661153125 0.5264736225585938 0.6405727447916667 0.5281078779296875 0.6441772499999999 0.53376084765625 0.64012034375 0.5333460864257813 0.6322709262152778 0.5347894848632813 0.6261591302083334
0 0.51819411328125 0.6568370842013889 0.5148471127929688 0.6588978506944445 0.5128650209960938 0.6641165989583333 0.5124626547851563 0.6701637647569444 0.5133161362304688 0.6738167413194445 0.51545273046875 0.6764635694444444 0.5193293354492188 0.6748331692708334 0.5200977158203125 0.6608881119791667 0.51819411328125 0.6568370842013889
0 0.5234430688476562 0.7250715052083333 0.5192880288085937 0.7257927005208333 0.5144340107421875 0.7307264965277778 0.51433734375 0.7390709105902777 0.5159806875 0.7431380963541667 0.5212676440429688 0.7469790815972223 0.5220302412109376 0.7460052473958334 0.5251318544921875 0.7314520954861111 0.5234430688476562 0.7250715052083333
0 0.4789579521484375 0.7685987760416667 0.48794552783203127 0.7485845182291667 0.49403721728515626 0.7403311701388888 0.4964943833007813 0.732766703125 0.49708430078125 0.7230019322916666 0.4995778198242187 0.7172881892361112 0.4968389135742188 0.710509546875 0.4939124565429687 0.7074485095486112 0.477785546875 0.7089129348958333 0.46056638134765626 0.7210998081597223 0.4593923286132813 0.7276581276041667 0.4608332509765625 0.7479514600694445 0.4641835576171875 0.7593245972222222 0.469282962890625 0.7668831875 0.4753325166015625 0.7697503385416666 0.4789579521484375 0.7685987760416667
0 0.48218679248046875 0.6146009322916667 0.47871255419921876 0.6101841657986111 0.4617957822265625 0.6112343819444445 0.45691449853515625 0.6147801354166667 0.4537129125976562 0.6242437968750001 0.45545622900390625 0.6334004730902777 0.461523958984375 0.6371929869791667 0.47095356103515623 0.6264161909722222 0.481820779296875 0.6224988220486112 0.48218679248046875 0.6146009322916667
0 0.4295122216796875 0.6391803194444444 0.4333400791015625 0.6218026102430555 0.4353585239257812 0.6184345850694445 0.43600297216796874 0.6114458993055556 0.4338572890625 0.608336390625 0.42855215576171873 0.6035700434027778 0.42779864697265624 0.6050065581597222 0.4236832666015625 0.6210123828124999 0.4181120927734375 0.6292334157986111 0.4133853125 0.6406447447916667 0.4158639609375 0.6474395442708334 0.4226397578125 0.6474821388888888 0.4295122216796875 0.6391803194444444
0 0.4335937138671875 0.44899641840277776 0.43741578857421876 0.44458993315972223 0.44578948779296873 0.44638630815972224 0.4586387978515625 0.4372501927083333 0.47335866162109375 0.44374828559027774 0.47879681494140625 0.4420209418402778 0.47981636474609374 0.4275970477430555 0.4776888583984375 0.4254129001736111 0.466470498046875 0.42471961545138887 0.4579786494140625 0.4169083880208333 0.45279744873046873 0.4051856710069444 0.4481037158203125 0.4050138185763889 0.44219957666015625 0.40954956163194445 0.43515773876953123 0.42249434809027775 0.4290875322265625 0.44510696267361116 0.4289636000976563 0.4520633333333334 0.43004098583984374 0.4538494288194445 0.43213213818359375 0.45418285243055556 0.4335937138671875 0.44899641840277776
0 0.45819595361328125 0.5340959236111111 0.45783572265625 0.5290225902777778 0.45676742529296877 0.5276991762152777 0.4401381772460938 0.5301212777777777 0.438498138671875 0.5394879973958333 0.439720939453125 0.5486769869791667 0.443195177734375 0.5530937534722222 0.44682970166015623 0.5524048715277777 0.45143255078125 0.5479499140624999 0.45572969921875 0.5411977092013889 0.45819595361328125 0.5340959236111111
0 0.4443774892578125 0.5071590833333333 0.44146012060546874 0.5045607265625001 0.43752898486328123 0.5034150407986111 0.429821216796875 0.5089892465277778 0.42795727392578126 0.5202228463541667 0.42881984375 0.5243385026041667 0.4314587783203125 0.5260276553819445 0.4409519990234375 0.5184896258680555 0.4429704443359375 0.5151216015625 0.4443774892578125 0.5071590833333333
0 0.4157218408203125 0.5075483298611112 0.4202883359375 0.5012426475694444 0.42173173486328125 0.4951308524305556 0.42024537109375 0.47252411545138895 0.41888955029296876 0.4698288159722222 0.41122391796875 0.4642825208333334 0.4060187578125 0.46460566493055555 0.40198186669921876 0.4713417126736111 0.3973608408203125 0.4748713081597222 0.39775742529296876 0.4817953654513889 0.40157371728515623 0.4903601032986111 0.40744480908203123 0.49740753993055553 0.4112520122070312 0.5055095963541666 0.4157218408203125 0.5075483298611112
0 0.2967525219726562 0.4602711779513889 0.3005051953125 0.46559714930555557 0.3052171049804687 0.4666943628472222 0.3064456875 0.46291213020833333 0.3123680034179688 0.4593017473958334 0.31257042529296875 0.44307560069444446 0.31432861279296875 0.43972373350694444 0.3174244438476562 0.43814180468749997 0.31964861669921873 0.43198153819444446 0.31901903955078126 0.4264616814236111 0.3237276435546875 0.41412499045138884 0.324120921875 0.4076151432291667 0.32323108642578124 0.4021114435763889 0.31551092431640626 0.3937890633680555 0.31288107861328124 0.3925625920138889 0.30744292529296874 0.39428993576388893 0.3033605927734375 0.39871257899305557 0.30162058203125 0.40298980815972224 0.3075313330078125 0.42532187326388887 0.30288634765625 0.44089733072916665 0.29674012744140627 0.4463745928819444 0.2967525219726562 0.4602711779513889
0 0.31211105126953126 0.4727518098958334 0.3071752373046875 0.47352147656250004 0.30496015283203126 0.4801444244791667 0.30588634130859377 0.48749884809027777 0.31120056298828125 0.49272787586805555 0.31275302294921875 0.4921682517361112 0.31446576806640625 0.4865029800347222 0.31431126513671875 0.4786374045138889 0.31211105126953126 0.4727518098958334
0 0.284509669921875 0.6727342699652777 0.2817195385742188 0.6766134453125 0.28958181005859374 0.6789048159722222 0.2933344833984375 0.6842307864583334 0.3021559912109375 0.6822934001736111 0.3135949497070312 0.6676858993055556 0.31163681787109376 0.6608587847222221 0.3084501025390625 0.6578139045138889 0.301680087890625 0.6448000868055556 0.299388990234375 0.6342876831597223 0.2955123852539063 0.6359180833333333 0.291230107421875 0.6301617456597222 0.2864149189453125 0.6105411371527778 0.28535571044921876 0.6096804036458333 0.2812461123046875 0.6127150043402777 0.27236098583984375 0.611413625 0.27060279833984374 0.6147654913194445 0.2779809072265625 0.6189399001736111 0.27912191162109373 0.6239647612847222 0.28508141064453124 0.6620441362847223 0.284509669921875 0.6727342699652777
0 0.34028420703125 0.699845890625 0.34834889990234374 0.6859111137152778 0.3644361494140625 0.6691620598958333 0.3724132646484375 0.6640343776041667 0.37099382470703124 0.6581003116319445 0.36702633544921875 0.6551039027777779 0.361282482421875 0.6545339982638888 0.35408614111328124 0.6596132083333334 0.3445416962890625 0.6778090572916667 0.33587469091796873 0.6876120199652778 0.33575075927734377 0.6945683914930556 0.33686449853515626 0.6982052092013888 0.337941884765625 0.6999913055555556 0.34028420703125 0.699845890625
0 0.3919516225585937 0.703586984375 0.3994173095703125 0.6989542977430555 0.402627984375 0.6899533159722222 0.40093010986328126 0.6831100451388888 0.39498631103515625 0.6723611605902778 0.392374642578125 0.6720600512152778 0.3867125849609375 0.6756542751736112 0.380064025390625 0.6820892144097223 0.37711360888671874 0.6910740381944445 0.3775101928710938 0.6979980954861111 0.382043640625 0.7032755946180556 0.385445171875 0.7039909131944444 0.3919516225585937 0.703586984375
0 0.38770652734375 0.7395204019097222 0.3883509755859375 0.7325317161458333 0.3848676484375 0.7276522699652778 0.3801648271484375 0.7270177369791667 0.37558924365234375 0.7328607369791666 0.37365259375 0.7403928897569444 0.3743094365234375 0.7473007890625 0.376409677734375 0.7480968940972222 0.37998058251953126 0.7441692456597222 0.38286159765625 0.7449168793402777 0.38770652734375 0.7395204019097222
0 0.3611180727539062 0.7522889340277777 0.3675427275390625 0.7477208758680556 0.3700089819335938 0.7406190902777777 0.36414367333984377 0.7206004296875 0.363728912109375 0.7127510112847222 0.36659753271484374 0.6996020590277777 0.366210037109375 0.6931406822916667 0.36457578173828126 0.6895361779513889 0.3608958154296875 0.6879116545138889 0.355457662109375 0.6896389982638889 0.35419272607421876 0.6915705078125 0.3507374931640625 0.7279181354166666 0.3508738193359375 0.7348583498263889 0.35391842626953124 0.7439342395833334 0.356620978515625 0.7488621588541666 0.3611180727539062 0.7522889340277777
0 0.27901038525390626 0.7907399427083334 0.282078951171875 0.7877699704861111 0.285316890625 0.7801570329861112 0.28687513330078124 0.7666261848958333 0.2858944140625 0.7564956762152778 0.27697541064453124 0.7269384444444444 0.274624 0.7266211788194444 0.2730988051757812 0.7285688454861111 0.269815423828125 0.7338683793402778 0.2683629365234375 0.7395174930555556 0.268587669921875 0.7774896440972222 0.269495681640625 0.7839187065972222 0.27249484619140624 0.7906811909722222 0.27901038525390626 0.7907399427083334
0 0.7315173110351563 0.9044007126736111 0.7323129560546875 0.8918436987847222 0.7301672729492188 0.8887341892361111 0.7283272900390625 0.8879219279513889 0.7245052153320313 0.8923284131944444 0.7184862329101562 0.9042832100694445 0.7194305981445313 0.9125629947916667 0.7232287138671875 0.9202023697916667 0.72947490625 0.9198145980902778 0.7324616767578125 0.9126804973958333 0.7315173110351563 0.9044007126736111
0 0.6464749072265625 0.9791670347222223 0.6457271811523437 0.9676323263888889 0.6479331772460938 0.9605466979166667 0.6535043505859375 0.9523256631944444 0.6549477495117187 0.9462138689236111 0.65401247265625 0.9383967638888888 0.6526384750976563 0.9347761024305554 0.6414986044921875 0.9248130425347222 0.63637193359375 0.9158664097222222 0.6308247197265625 0.9120415815972223 0.6230533325195312 0.9143770217013889 0.6157206655273437 0.9125160173611112 0.6134328740234375 0.9154375173611111 0.6124827255859375 0.9201289548611111 0.6164593032226563 0.9235880451388889 0.6365887377929688 0.9799660807291666 0.6366231088867188 0.9918230225694445 0.6484964130859375 0.9910859114583334 0.6481727817382813 0.9860103064236111 0.6464749072265625 0.9791670347222223
0 0.6487329462890625 0.8553403949652778 0.646372447265625 0.8545604487847221 0.6440846552734375 0.8574819487847223 0.6381350747070312 0.8597042873263888 0.6368792265625 0.8620984782986111 0.638607671875 0.8837636961805555 0.6445299873046875 0.8801533142361111 0.6486181030273438 0.8627594479166666 0.6487329462890625 0.8553403949652778
0 0.562266138671875 0.8310606831597221 0.567023490234375 0.8344713020833333 0.5695773227539063 0.8185624201388889 0.5664236552734375 0.8039343602430555 0.5642507075195312 0.7994368072916667 0.5598081440429687 0.7987861180555555 0.5543881674804687 0.8014388229166667 0.5513468666992187 0.8057968376736111 0.5512229350585938 0.8127532083333333 0.5557472934570312 0.8175680269097222 0.5596784291992187 0.818713712673611 0.561609296875 0.8241527838541667 0.562266138671875 0.8310606831597221
0 0.572328634765625 0.9851598723958332 0.5699045166015625 0.9811411588541668 0.5641788403320313 0.9814966163194444 0.5484394267578125 0.9894224184027779 0.5449069409179688 0.9975168880208334 0.5715514272460938 0.9958627612847223 0.5726797768554688 0.9897705251736111 0.572328634765625 0.9851598723958332
0 0.48516642724609377 1 0.48887669189453126 0.9949731354166667 0.491246279296875 0.9962157638888889 0.49296811328125 0.9910131727430556 0.4920328359375 0.983196068576389 0.48670952587890626 0.9775043602430556 0.48041789111328126 0.9755787274305556 0.475276349609375 0.9791406380208334 0.4712576357421875 0.986802046875 0.46907890478515624 0.99527571875 0.46917170361328125 1 0.48516642724609377 1
0 0.44479888427734376 0.8337207595486111 0.4445171435546875 0.8193776501736111 0.44151797900390627 0.8126151649305555 0.43480580078125 0.8158113368055555 0.43328969482421875 0.8182216848958332 0.4303392783203125 0.8272065086805556 0.429694830078125 0.8341951944444445 0.4358534443359375 0.842614517361111 0.44182450830078124 0.8547514453125 0.44818554443359376 0.8469446206597222 0.44479888427734376 0.8337207595486111
0 0.4164869482421875 0.9179360416666668 0.419446453125 0.9094138984374999 0.4201148603515625 0.8903793506944445 0.419037474609375 0.888593256076389 0.412809458984375 0.8899063906250001 0.4033435029296875 0.8988324626736112 0.401506826171875 0.9114541059027778 0.4022181982421875 0.9211380911458333 0.40385245361328126 0.9247425946180555 0.410673693359375 0.9270985937499999 0.4164869482421875 0.9179360416666668
0 0.31112871826171873 0.9666321336805557 0.321502685546875 0.9641351232638888 0.32401438134765626 0.9593467421875 0.325439603515625 0.9523095850694444 0.3225040581054687 0.9487858663194445 0.32165966552734376 0.9455955720486112 0.32109618359375 0.9169093532986111 0.32344428857421875 0.9037927152777778 0.3228965068359375 0.9024369869791666 0.3200427573242188 0.9030773967013889 0.3128918583984375 0.9104700112847222 0.3091334028320312 0.9181152638888889 0.3071876650390625 0.9251847352430556 0.30795356787109374 0.9376448064236111 0.31097999755859373 0.945795334201389 0.311600486328125 0.9508525104166667 0.31112871826171873 0.9666321336805557
0 0.26095254248046873 1 0.27603354345703124 0.9840979809027777 0.284037923828125 0.9803583420138889 0.2906955712890625 0.9743860842013888 0.29446311572265627 0.9672035121527779 0.2990990126953125 0.9511653741319444 0.298369462890625 0.9405560269097223 0.295082775390625 0.9324216562500001 0.2932700576171875 0.9329974366319446 0.2690578017578125 0.97387640625 0.26188872607421876 0.9803436588541666 0.253103572265625 0.9841317690972223 0.25629957470703124 1 0.26095254248046873 1