0 0.7742747265625 0.5859819210069444 0.7712432314453125 0.5854170868055556 0.7704228662109375 0.5833950329861112 0.7612653813476562 0.5812513194444445 0.75489078515625 0.5683313723958334 0.754261458984375 0.5619304175347222 0.74706378125 0.5546237960069444 0.7466857783203125 0.5519285303819444 0.7476971821289062 0.5495716814236111 0.7455524487304688 0.5419338871527777 0.7447300463867188 0.5456383689236112 0.7420135537109375 0.5473195894097223 0.7427079174804687 0.5484432204861112 0.7410637919921875 0.5539433376736111 0.7377782573242188 0.5573081944444445 0.7363868129882812 0.5626963116319444 0.73587194140625 0.5896441406249999 0.7347948203125 0.5991871571180556 0.7375688793945312 0.61322590625 0.7394629697265624 0.6152491666666666 0.744200232421875 0.6145807838541667 0.7477384477539063 0.6111039262152778 0.75759641015625 0.5971916684027777 0.7612592680664062 0.5984309236111112 0.7641634038085937 0.6019150251736112 0.7728155268554687 0.604282740451389 0.7785607978515625 0.6108017335069444 0.7796988818359375 0.6074344626736111 0.7793913500976563 0.5841911137152778 0.7742747265625 0.5859819210069444
0 0.8756776567382812 0.6774959722222222 0.8653190869140625 0.6782703194444444 0.8579913325195313 0.6815183446180556 0.8562814897460937 0.6942046302083333 0.8593759848632813 0.6952186762152778 0.8620924770507813 0.6935374548611111 0.8778115229492187 0.7156752838541667 0.8833569243164062 0.7513881605902778 0.8895493115234375 0.7438720277777777 0.8898663515625 0.7403915486111111 0.8877209389648437 0.7346625980902778 0.887470974609375 0.7271392204861111 0.8846948779296875 0.7188270060763888 0.8853282783203125 0.7137748914930556 0.8828055419921875 0.7034418315972223 0.8839456635742188 0.6943480260416667 0.881358568359375 0.6873834444444444 0.8756776567382812 0.6774959722222222
0 0.6645244873046875 0.5229788802083334 0.6618100327148437 0.5189335659722222 0.6469668813476562 0.5202642951388889 0.6386277236328125 0.5258691684027778 0.6362892338867188 0.5302456553819445 0.6383079663085938 0.5369850277777778 0.64051773828125 0.5393454982638889 0.6510666674804687 0.5361010954861112 0.6557382133789063 0.5426188810763889 0.6585136313476563 0.5528399401041667 0.6605344013671876 0.5538527777777777 0.66305849609375 0.5603681484375 0.6664056728515625 0.5612701927083333 0.6709552924804687 0.5554364869791667 0.6712100112304688 0.5495979522569444 0.6731074975585938 0.5420769887152779 0.6704614765625 0.5232101267361111 0.6645244873046875 0.5229788802083334
0 0.7105673120117187 0.5259500694444444 0.7045043227539063 0.5248204010416667 0.6990720166015625 0.5262739973958334 0.6932549155273438 0.5441207760416666 0.6948936079101562 0.5538914166666666 0.699818513671875 0.5583883567708333 0.7041730190429687 0.5683866215277777 0.7085939208984375 0.5692898732638889 0.7129525014648438 0.5678350694444444 0.7159250708007813 0.5564976232638889 0.7135344482421875 0.5298833828125 0.7105673120117187 0.5259500694444444
0 0.7759993461914062 0.709272828125 0.7693049926757812 0.7074687387152778 0.762038880859375 0.7149836649305557 0.7588143090820313 0.7245242664930556 0.7581158706054687 0.7348537039930556 0.75268084765625 0.7439426805555556 0.7543832192382812 0.7522536866319444 0.75791871875 0.7564122092013889 0.7598134877929688 0.756526625 0.7627840200195313 0.7509157144097222 0.7639864624023438 0.7441799635416666 0.7677150380859376 0.7382330494791667 0.7730836645507813 0.7382390876736111 0.7782639682617187 0.7349886467013889 0.7811057822265625 0.7361146935763889 0.7777667563476562 0.7123065104166666 0.7759993461914062 0.709272828125
0 0.7548028193359375 0.46053763975694445 0.7475360283203125 0.4699614114583333 0.7463979443359375 0.47332868229166664 0.7492356831054687 0.48590779687499996 0.7489748515625 0.5089259357638889 0.7533327529296875 0.5093799765625 0.75700308203125 0.48962193836805556 0.7627537866210937 0.48087017274305555 0.765915357421875 0.4708803602430555 0.767937486328125 0.46807550868055553 0.76585507421875 0.46279576996527777 0.7548028193359375 0.46053763975694445
0 0.7178571962890625 0.4516255755208333 0.7121085297851563 0.45465080642361116 0.7115394877929687 0.45633444184027777 0.71261049609375 0.4639710286458334 0.7151975913085937 0.470935609375 0.7203744995117187 0.4772293932291667 0.722398666015625 0.46869800694444447 0.7274536474609375 0.4626402994791667 0.7258779560546875 0.4533188697916667 0.7178571962890625 0.4516255755208333
0 0.6793744311523437 0.5025597039930555 0.674889849609375 0.5031160859375 0.66794077734375 0.5071505321180555 0.6674970571289063 0.5116414348958334 0.67778991015625 0.5180532569444445 0.6814548056640625 0.5135659774305555 0.681584203125 0.5049201753472222 0.6793744311523437 0.5025597039930555
0 0.703396802734375 0.4422896553819444 0.7025750791015625 0.44408529253472223 0.7037077299804687 0.45598877864583337 0.7087613530273438 0.4537487612847222 0.7091420732421875 0.4488086484375 0.7117332436523438 0.44432016145833336 0.7111662392578125 0.4402772621527778 0.703396802734375 0.4422896553819444
0 0.6325491118164063 0.5686429305555555 0.6280638510742188 0.5711081571180556 0.6127153369140625 0.5726628880208333 0.609429802734375 0.5760277439236111 0.6055738676757813 0.5848939253472223 0.6000094477539063 0.6026287039930556 0.6015241767578124 0.6057743871527778 0.6089128935546875 0.6087021076388889 0.6103016215820313 0.6109493697916667 0.618705138671875 0.6019760173611111 0.6231307944335938 0.5895173559027778 0.6360188930664062 0.5799876215277778 0.6368406162109375 0.5781919852430556 0.6362729326171875 0.5760579305555555 0.6325491118164063 0.5686429305555555
0 0.6295230502929687 0.5528073376736111 0.6220706538085937 0.5513392517361111 0.618721439453125 0.5561637421875001 0.6180216416015625 0.5703108697916667 0.619787693359375 0.5771622421875 0.6221871455078125 0.5789615017361112 0.6256623608398437 0.5750354331597223 0.626927125 0.5706577395833333 0.6322334296875 0.5683057213541667 0.6334981943359375 0.5639280269097222 0.63211150390625 0.5559542300347222 0.6295230502929687 0.5528073376736111
0 0.6312490288085938 0.6722805555555555 0.6278374931640625 0.6747469895833333 0.6260660083007813 0.683166375 0.6266960131835938 0.687658484375 0.629220787109375 0.6922650104166667 0.6341456928710938 0.6967619505208333 0.6355364584960937 0.6932826779513889 0.633834765625 0.6830628263888889 0.6337114819335937 0.6745290251736111 0.6312490288085938 0.6722805555555555
0 0.5960762490234375 0.6511314149305556 0.593170076171875 0.6533738472222222 0.5912739482421875 0.6570771215277778 0.5913349111328124 0.6632528663194445 0.5937336845703125 0.666960970486111 0.5977765834960937 0.6651689565972222 0.5990406684570313 0.6627001067708334 0.5996124272460938 0.6533810920138889 0.5960762490234375 0.6511314149305556
0 0.6053373217773438 0.7171654288194445 0.5990894057617188 0.7032350590277778 0.59605858984375 0.7007613802083333 0.5897429189453125 0.6997437118055555 0.5832355297851562 0.7050137907986112 0.5798863154296875 0.7098382803819444 0.5777998276367188 0.7160116111111111 0.5774821088867188 0.721400935763889 0.5803232436523438 0.7244358272569444 0.58297333984375 0.7318496197916667 0.5844839931640625 0.7464483723958334 0.585809041015625 0.7501552682291667 0.5854283212890625 0.7550953819444444 0.5810670239257812 0.7641855651041667 0.5792325380859376 0.7721557395833334 0.5799241850585938 0.78091475 0.584343728515625 0.7856356918402778 0.5866808598632812 0.7850768949652778 0.586806181640625 0.7878841614583334 0.6010281577148437 0.7572463402777778 0.6066501440429688 0.7552315321180556 0.609809677734375 0.7509682534722222 0.6109491201171875 0.7437832934027777 0.6090584262695312 0.7322158090277777 0.6053373217773438 0.7171654288194445
0 0.6233121596679687 0.7898340607638888 0.6181962143554688 0.7897160225694444 0.6124495859375 0.78701471875 0.61068217578125 0.7839810355902778 0.6115682578125 0.7788169201388889 0.6099275283203125 0.7747728142361111 0.6101815678710938 0.7708431232638888 0.608097796875 0.7693810746527778 0.6063913500976562 0.7725231362847222 0.6076527182617187 0.7776896666666667 0.6052498701171874 0.7854346319444444 0.6061305185546875 0.7955412751736111 0.6053074365234375 0.8011546015625001 0.6073898491210937 0.8064343394097222 0.6089655405273438 0.8157557690972221 0.6110486318359375 0.8191266631944445 0.6154058540039062 0.8214895486111111 0.6194487534179688 0.8196975347222222 0.6236826909179688 0.8135266189236111 0.6268456206054688 0.7997191171875 0.6264689760742187 0.7932061614583333 0.6233121596679687 0.7898340607638888
0 0.5541135141601562 0.7193535260416666 0.5537957954101562 0.7247428498263889 0.5399463881835938 0.7733466953125 0.53141619140625 0.7833304704861112 0.526737853515625 0.7959011328125 0.52806154296875 0.8034257196180555 0.5289455874023438 0.8039881380208334 0.53071503515625 0.8012952873263889 0.5338081723632813 0.8061270217013888 0.5334911323242187 0.8096075017361111 0.5345641782226562 0.8115175538194443 0.5422055766601562 0.8143332734375001 0.5569898022460937 0.8011002647569445 0.5607149819335937 0.8046975755208333 0.5607136235351563 0.8085152647569445 0.5587544956054687 0.811769328125 0.5576123364257812 0.8265896675347223 0.5612751943359375 0.8278289227430555 0.5645580122070313 0.8320994453125 0.5723281284179688 0.8281782074652777 0.5740345751953125 0.8250361449652778 0.5737209311523438 0.8189724010416666 0.5702491123046876 0.8133542447916667 0.57006146875 0.808188921875 0.5722123154296875 0.7986471128472222 0.57644489453125 0.7962938871527778 0.5781527001953125 0.7893341354166666 0.5759429282226562 0.7869736649305555 0.5732311904296875 0.7752929713541667 0.5580900166015625 0.7266565243055555 0.5576496923828125 0.7216032031249999 0.558661775390625 0.7173375095486111 0.5541135141601562 0.7193535260416666
0 0.4480049130859375 0.8947357083333333 0.4440886943359375 0.8955172986111111 0.4413085224609375 0.8986581527777778 0.43575157373046874 0.8953956380208334 0.4277931352539063 0.8960603984375 0.4265270126953125 0.9042557829861111 0.42917846728515624 0.9078518854166666 0.4287984267578125 0.9108831536458334 0.422099998046875 0.9205321345486112 0.4171059794921875 0.9327655868055555 0.416782826171875 0.9534256692708334 0.4212674077148437 0.9528692873263888 0.42588070703125 0.9455759479166667 0.45266830810546876 0.9241596310763889 0.4553238374023437 0.9163026649305556 0.4539351098632812 0.9140554027777777 0.4532421044921875 0.9091140815972223 0.4480049130859375 0.8947357083333333
0 0.425270564453125 0.7077555598958333 0.4224910712890625 0.7089875694444445 0.42008958154296877 0.7129148454861112 0.41819481201171876 0.7128004288194444 0.4139033076171875 0.703251375 0.41327398193359377 0.6968504210069445 0.40778139208984376 0.6902194270833334 0.4028551279296875 0.6895401762152777 0.40159308056640625 0.6862824921875 0.3976152197265625 0.6827971822916666 0.3942043637695313 0.6833547708333333 0.39142419140625 0.6864956258680555 0.3919911962890625 0.690538525173611 0.39514733349609377 0.6958194704861111 0.399879841796875 0.7085130017361112 0.40120285205078127 0.7179464322916667 0.4068851220703125 0.7240162144097222 0.421221552734375 0.7267271770833333 0.42558013330078126 0.7252723732638889 0.42766526220703127 0.7229167326388889 0.42994210986328124 0.7142733454861111 0.42912242431640624 0.710342447048611 0.425270564453125 0.7077555598958333
0 0.5390949453125 0.6811597248263889 0.5306934658203125 0.6844065425347222 0.5234314291992187 0.6804683993055556 0.5181244453125 0.6847292638888889 0.5150902333984375 0.6917998081597223 0.513380390625 0.70448609375 0.5155867661132812 0.7163907890625 0.5203206328125 0.7252666302083334 0.5218990415039062 0.7269526805555555 0.522846765625 0.7260554661458333 0.525248255859375 0.7221281909722221 0.5254399736328125 0.7158404444444444 0.5289179057617187 0.7042789973958333 0.541995005859375 0.6960968958333333 0.5430700893554687 0.6922804140625 0.54212508203125 0.6855422491319445 0.5390949453125 0.6811597248263889
0 0.4598133388671875 0.7244125902777778 0.44970541259765623 0.7308014704861111 0.4460405166015625 0.7352887508680556 0.44742720654296875 0.7432625477430556 0.45140642578125 0.7429301675347222 0.45443724169921873 0.7454038454861112 0.4550638505859375 0.7594401796875 0.4573989443359375 0.7646079175347222 0.46371393603515626 0.7675344305555556 0.4700309658203125 0.764734407986111 0.47129505078125 0.7622655590277777 0.4665063334960938 0.7300343689236111 0.4598133388671875 0.7244125902777778
0 0.3919599521484375 0.7783453862847222 0.3910745498046875 0.78160065625 0.3878526943359375 0.7835058784722223 0.38052154443359376 0.7962981284722223 0.3962446655273438 0.8069828880208333 0.399406236328125 0.7969930755208333 0.4001039965820313 0.7885724835069445 0.3986543056640625 0.780149474826389 0.3919599521484375 0.7783453862847222
0 0.5152215024414063 0.85539925 0.5034105249023437 0.8553859678819444 0.499305984375 0.8529110815972223 0.49475772314453126 0.8549270972222223 0.48736560986328126 0.8615436015625 0.48913302001953124 0.8645772847222222 0.4963327358398438 0.8661573723958333 0.5069446655273437 0.8633621796875 0.5169238745117187 0.8637102569444445 0.5199567275390625 0.8604574019097222 0.5196417250976563 0.8582113463541667 0.5152215024414063 0.85539925
0 0.43700291943359376 0.7512230616319444 0.42563158740234375 0.7581719461805556 0.42462018359375 0.7605287951388889 0.42600687353515626 0.7685025920138888 0.42771128271484377 0.7710870642361111 0.430995458984375 0.7715398967013889 0.43668112548828125 0.7680654557291667 0.442748869140625 0.7558332100694445 0.4421818647460937 0.7517903107638889 0.43700291943359376 0.7512230616319444
0 0.3749693505859375 0.7796736996527778 0.37187417578125 0.7805684991319445 0.364485458984375 0.7776407795138889 0.3615786064453125 0.7817920564236112 0.35923604150390626 0.7976216119791667 0.360813091796875 0.8031253524305556 0.36422258984375 0.8063854522569445 0.372243349609375 0.8080787482638888 0.37597056640625 0.8059495234375 0.37950946142578124 0.8005638220486111 0.3810269072265625 0.7960741267361111 0.3793238559570313 0.7896719644097222 0.3749693505859375 0.7796736996527778
0 0.32104111083984377 0.9271555885416666 0.3166825302734375 0.9286103932291666 0.31333263671875 0.9353437274305555 0.3115597934570313 0.9475808020833334 0.3128191240234375 0.9584738663194445 0.3126253681640625 0.9704881484375001 0.30965143994140626 0.9856432829861111 0.30592150634765625 0.9954078862847222 0.3179221640625 0.9948599565972223 0.317357197265625 0.9850905234374999 0.31862196142578125 0.9807128298611111 0.323677623046875 0.9727462777777779 0.32696519482421876 0.9636548862847223 0.32715759228515623 0.9554582960069445 0.3245759306640625 0.9332229557291666 0.3253983330078125 0.9295184748263888 0.32445128759765623 0.9285068437499999 0.32104111083984377 0.9271555885416666
0 0.30947482958984374 0.7719646649305556 0.3061886162109375 0.7772383663194444 0.30131720166015624 0.7999144644097221 0.29423941162109374 0.8106858680555555 0.292721966796875 0.8151755625 0.29341361376953123 0.8239345729166667 0.2927788544921875 0.8328043767361111 0.2910730864257812 0.8340375946180556 0.286905544921875 0.8311134965277778 0.282926326171875 0.8314458767361111 0.27528153173828124 0.8381743819444445 0.27117563232421876 0.8395171848958333 0.26637333154296877 0.8454628914930555 0.26346444140625 0.855340703125 0.26156491796875 0.8685882013888889 0.26478065966796877 0.8838625815972222 0.2677477958984375 0.8877958949652778 0.2742517890625 0.8920700407986111 0.2771552456054687 0.8974629878472222 0.2784132177734375 0.9121737413194444 0.27765313671875 0.9182362777777777 0.27916582763671877 0.9271084973958332 0.27802638525390627 0.9342934583333334 0.2787207490234375 0.9354170894097221 0.28194192431640624 0.9354207118055555 0.2894600390625 0.9297026293402778 0.287567986328125 0.9219528342013888 0.2880760654296875 0.9140934539930554 0.2861264462890625 0.890623689236111 0.28726520947265627 0.885347572048611 0.29301659326171875 0.8746869626736111 0.294663435546875 0.8615514652777778 0.29390946728515627 0.8504343993055555 0.29498658837890623 0.8408913828125 0.30048189453125 0.8398869973958333 0.30332302978515624 0.8429218880208333 0.3054054418945312 0.8482016267361111 0.32120039306640624 0.8345206145833334 0.3211387504882813 0.8302537135416667 0.31615491943359375 0.8138544939236111 0.31622131640625 0.8047594809027778 0.31489762646484376 0.7972348949652778 0.31553646142578123 0.7769120225694445 0.3143394521484375 0.7683770138888888 0.30947482958984374 0.7719646649305556
0 0.262480380859375 1 0.26594031298828125 0.9973840555555555 0.27099733251953123 0.9855998133680556 0.2702406474609375 0.9821181267361112 0.2667051484375 0.9779596050347222 0.2574284541015625 0.9558290208333333 0.2521235078125 0.9543633498263888 0.24757524658203126 0.9563793654513889 0.2458051201171875 0.9609810607638889 0.24365019873046875 0.9819759392361112 0.24434048681640624 0.9945526388888888 0.2458525361328125 1 0.262480380859375 1
0 0.34493017529296877 0.7090126319444444 0.3331164814453125 0.7166347300347222 0.33021166650390626 0.7150594722222222 0.3271164921875 0.7159542717013889 0.32477800244140625 0.7203307586805556 0.32477596484375 0.7260572934027778 0.32231147412109373 0.7295353567708333 0.33677390625 0.7331447421875 0.34182685009765623 0.7328135703125 0.34606010888671873 0.7285514991319445 0.34909432080078123 0.7214809539930556 0.3496640419921875 0.7178884739583333 0.3482766728515625 0.711823521701389 0.34493017529296877 0.7090126319444444
0 0.181824060546875 1 0.1814330615234375 0.993808185763889 0.17688751708984374 0.988188822048611 0.1747393876953125 0.9900952526041666 0.17587396337890626 1 0.181824060546875 1
0 0.3057199306640625 0.6743847473958333 0.296814447265625 0.6740378776041667 0.29233394140625 0.6631411909722222 0.2872823549804687 0.6596546736111111 0.283050455078125 0.6600990546875001 0.28077564453125 0.6630159071180555 0.2859484775390625 0.6807627595486111 0.2894846557617187 0.6830124375 0.29175674853515626 0.6877309644097223 0.29143902880859374 0.6931202881944444 0.2930777216796875 0.7028909288194445 0.29724458349609373 0.7077238715277778 0.30545638232421873 0.7050382656249999 0.312091130859375 0.6968489184027777 0.3156320634765625 0.6857366831597222 0.3159504619140625 0.6784385138888889 0.3057199306640625 0.6743847473958333
0 0.2639307412109375 0.6098861432291667 0.262286615234375 0.6153862604166667 0.26139985400390625 0.6224592213541666 0.26234282373046874 0.6349239201388889 0.25785348779296874 0.6488422161458334 0.25797813037109374 0.6535583272569444 0.267385580078125 0.6632254192708333 0.27546933984375 0.6653679262152778 0.27976492041015627 0.6634639105902778 0.280715361328125 0.6549313168402777 0.276045853515625 0.6426869973958333 0.26753195751953124 0.6068584973958333 0.2639307412109375 0.6098861432291667
0 0.35753587353515626 0.6056122916666666 0.35065455615234375 0.5967340355902777 0.34515925 0.5977384210069444 0.34041859130859375 0.6079510277777778 0.33845742529296874 0.6169316258680556 0.33902103369140624 0.630518748263889 0.34116780517578127 0.6324300078124999 0.3471047939453125 0.6326612543402779 0.360056572265625 0.6216718871527778 0.36258677978515624 0.6110076536458333 0.3617670947265625 0.6070767552083334 0.35753587353515626 0.6056122916666666
0 0.16251270263671874 0.7383384557291667 0.1586642392578125 0.7262073437500001 0.159172318359375 0.7183479635416666 0.1565865810546875 0.7075656927083334 0.15393444775390625 0.7058784348958334 0.15033391064453125 0.7069972352430556 0.1449632470703125 0.7127177326388889 0.14312876123046875 0.7206879071180556 0.1458411787109375 0.7304597552083334 0.151207087890625 0.738101171875 0.152719099609375 0.7488822352430556 0.15043817724609376 0.7689786918402778 0.15194747216796875 0.7873951345486111 0.15801114111328124 0.7866159583333334 0.16211432373046875 0.7929085347222222 0.165019138671875 0.7944837916666666 0.1656518603515625 0.7913405225694444 0.1637919873046875 0.7819064878472222 0.16420472314453124 0.7759182300347223 0.16995762841796874 0.7608038350694444 0.1678779326171875 0.7478887170138889 0.16251270263671874 0.7383384557291667
0 0.22313869189453125 0.5831164314236111 0.22048452099609375 0.5871557074652778 0.21738527099609375 0.5995035763888888 0.21011915869140624 0.6070185026041667 0.2027934423828125 0.6045399939236111 0.19483500390625 0.6052047543402778 0.190035419921875 0.6035150807291667 0.18693956591796876 0.6063187248263888 0.18668620556640625 0.6083395711805556 0.1880701787109375 0.6239487473958333 0.18952258642578124 0.6247363758680556 0.19362916455078125 0.6214847282986111 0.20525046142578124 0.6220592222222222 0.2082819560546875 0.6226240564236112 0.21421690771484375 0.6285818368055556 0.22596556396484374 0.6262370633680556 0.23064254296875 0.6174840911458334 0.23361443310546876 0.6080554895833333 0.23425055078125 0.5953679965277777 0.232926861328125 0.5878434105902778 0.22313869189453125 0.5831164314236111
0 0.16540545751953126 0.5963011414930555 0.16022651171875 0.5957338923611111 0.1510642724609375 0.6069520920138889 0.14828274169921876 0.6139106362847222 0.1490394267578125 0.617392322048611 0.15282760693359376 0.62143884375 0.1606607236328125 0.6179668168402778 0.1660916708984375 0.6203309105902778 0.16779404248046875 0.6286419166666666 0.170067494140625 0.6295427534722222 0.1710788974609375 0.6271859053819444 0.17025921240234376 0.6232550078125 0.17083097119140625 0.6139359930555556 0.1690662783203125 0.6032669305555555 0.16540545751953126 0.5963011414930555
0 0.2281305078125 0.7545812925347222 0.224025966796875 0.7521064062499999 0.21758225732421874 0.7559168498263888 0.215875810546875 0.7590589123263889 0.21511572900390624 0.7651214496527777 0.2218696865234375 0.7769189730902778 0.22717395361328124 0.7802934895833333 0.23165921435546874 0.7778282630208334 0.23210293505859375 0.7733373602430555 0.23021224072265625 0.761769875 0.2281305078125 0.7545812925347222
0 0.22918709619140626 0.5320457821180555 0.2184735517578125 0.5401368958333334 0.21298481103515626 0.5425697795138889 0.2078479208984375 0.5501944444444444 0.20837683837890625 0.555307263888889 0.2080194716796875 0.5634872760416667 0.218507412109375 0.5658571684027778 0.22023816015625 0.5540605399305556 0.2279880859375 0.5422697829861112 0.22466904248046876 0.5423586848958333 0.22918709619140626 0.5320457821180555
0 0.03043056982421875 0.4223321197916667 0.0303682490234375 0.4199740642361111 0.0238649345703125 0.41379107378472224 0.01868666845703125 0.4113149800347222 0.0171069013671875 0.4134466189236111 0.01514437744140625 0.42624490538194443 0.02050213623046875 0.45679246006944446 0.02258590673828125 0.4582545095486111 0.0291549384765625 0.4572513307291666 0.03319851611328125 0.4535504722222222 0.03560272314453125 0.44198781770833334 0.03421807080078125 0.4282874861111111 0.03043056982421875 0.4223321197916667
0 0.16815335888671876 0.32884128038194443 0.16297713037109374 0.32063865104166667 0.15343824609375 0.32534389583333334 0.14282020263671874 0.34531869097222223 0.14477525537109376 0.35351769791666665 0.1484990771484375 0.3609326970486111 0.15374170166015624 0.3600403125 0.16036965869140626 0.37093941493055554 0.16636896875 0.37352871614583333 0.1755874169921875 0.3818481762152778 0.17748218603515625 0.38196259201388894 0.18051232275390625 0.38634511631944446 0.1893520888671875 0.3938781545138889 0.19105581884765624 0.3983714713541666 0.1911797822265625 0.4049964279513889 0.1949063203125 0.4047760486111111 0.1951623974609375 0.3951198229166667 0.20122946240234374 0.3847964236111111 0.20217854541015626 0.3800815190972222 0.19352642236328124 0.37771380381944447 0.1872134677734375 0.3690607569444444 0.18121415771484375 0.3664714539930556 0.17919610400390626 0.3578232369791667 0.17926182177734376 0.3506370685763889 0.17787513134765626 0.3426632717013889 0.1749723544921875 0.3353614800347222 0.16815335888671876 0.32884128038194443
0 0.26379811328125 0.450104390625 0.261588341796875 0.4477439201388889 0.25906424658203125 0.44122854861111116 0.24296380224609376 0.42593967881944444 0.2430281611328125 0.4225711996527778 0.24138607275390625 0.4223447838541667 0.24226875927734376 0.4267248923611111 0.23923318896484375 0.4376131267361111 0.239672833984375 0.4445752934027778 0.2442807001953125 0.45255271267361113 0.24800587939453125 0.4561500225694444 0.24901524560546875 0.4595197092013889 0.24579067431640625 0.4690603107638889 0.2459139580078125 0.4775941119791666 0.24395279248046875 0.48657470920138896 0.24445679638671874 0.4901683975694444 0.25171815380859375 0.4960153845486111 0.258536470703125 0.5044444296875 0.27887085302734377 0.5135623854166667 0.2821563876953125 0.5101975286458333 0.2819043857421875 0.5084006848958333 0.27609883154296877 0.49379710156249995 0.2711807177734375 0.4702117135416667 0.26379811328125 0.450104390625
0 0.3152075263671875 0.4588081510416667 0.30838581396484377 0.4599233307291667 0.30358487158203123 0.4620513472222222 0.3032685107421875 0.4636229817708333 0.30446619921875 0.4702491458333334 0.29869308154296875 0.5419927899305556 0.30046049072265624 0.5450264739583334 0.303618666015625 0.5445808845486111 0.3133492685546875 0.5335878949652778 0.31789752978515623 0.5315718784722222 0.321560388671875 0.5328111328124999 0.32541496484375 0.527762640625 0.3266844833984375 0.5100230329861111 0.32611747900390625 0.505980134548611 0.32100628857421876 0.4925001822916667 0.31671206689453124 0.4905865086805556 0.31495144921875 0.46846437673611113 0.316973578125 0.4656595243055555 0.31697493603515625 0.46184183506944443 0.3152075263671875 0.4588081510416667
0 0.2716232451171875 0.29156672222222224 0.2630950854492187 0.2958239635416666 0.25980955078125 0.2991888185763889 0.2515354306640625 0.2995163697916667 0.23606227490234374 0.2963549878472222 0.2359349150390625 0.29927425607638886 0.23782628857421875 0.30893289496527776 0.2405407431640625 0.3129782092013889 0.2510239560546875 0.3169199748263889 0.25531478125 0.3283778732638889 0.2623871376953125 0.3328772282986111 0.26889384765625 0.3295159939236111 0.27470958984375 0.31548690538194446 0.2764810751953125 0.30706751996527776 0.27591407080078123 0.30302462065972224 0.27667347265625 0.29887092881944444 0.27433837939453126 0.2937031909722222 0.2716232451171875 0.29156672222222224
0 0.332720470703125 0.40953471614583337 0.32861457177734377 0.4108775190972222 0.3272861274414062 0.41671484635416667 0.3336580068359375 0.4372701736111111 0.3313161215820313 0.45119088454861106 0.3333314580078125 0.4674744809027778 0.33553987109375 0.4736526414930555 0.3408454965820312 0.4732094670138889 0.3477329267578125 0.4649081197916667 0.345839515625 0.4609760147569444 0.34849436669921874 0.4550278932291667 0.34837176123046876 0.4445852473958333 0.343259212890625 0.43492298524305556 0.33499324267578123 0.4123443975694444 0.332720470703125 0.40953471614583337
0 0.3859940888671875 0.5042509097222223 0.380691859375 0.495149859375 0.37210273681640627 0.4932313541666667 0.36742779541015624 0.49625779253472224 0.367109396484375 0.5035559618055555 0.36830640625 0.5120909713541667 0.37259926953125 0.5178223350694444 0.38409252734375 0.5232249409722223 0.38864078857421874 0.5212089253472222 0.3895891923828125 0.5184028663194444 0.38902286669921876 0.5124511223958333 0.3859940888671875 0.5042509097222223
0 0.35486149169921877 0.4889451336805556 0.3503803061523437 0.4799572916666667 0.3461484052734375 0.48040167361111114 0.342419830078125 0.4863485868055555 0.34260339794921874 0.5029669782986111 0.3464538994140625 0.5093715555555556 0.35757255029296875 0.502534671875 0.360291080078125 0.4951269166666667 0.3583346689453125 0.49074560069444445 0.35486149169921877 0.4889451336805556
0 0.29507912548828125 0.4033167092013889 0.294196439453125 0.3989365998263889 0.29268103125 0.39769976041666666 0.2865536826171875 0.3999385703125 0.28522591796875 0.40386705295138886 0.28749733203125 0.4104944253472222 0.28806297802734376 0.41835501302083333 0.29020906982421873 0.4221751180555555 0.29273520263671876 0.4229639539930556 0.2984845483398437 0.41802987760416666 0.29987599267578124 0.41264176128472224 0.2989309853515625 0.4059035963541666 0.29507912548828125 0.4033167092013889
0 0.25088980419921875 0.3389276901041667 0.247034548828125 0.3458850269097222 0.2465271484375 0.35183556336805555 0.249049884765625 0.3621686232638889 0.25290378271484376 0.3590289765625 0.25695007763671873 0.3476927378472222 0.2565097529296875 0.3426394166666667 0.25088980419921875 0.3389276901041667
0 0.05567440185546875 0.3018786666666667 0.0479672861328125 0.30624911631944446 0.04487007373046875 0.31287044965277777 0.04669980517578125 0.3182621892361111 0.04530836083984375 0.3236503064236111 0.04214950634765625 0.3260047395833333 0.04315887255859375 0.3293744253472222 0.0480207783203125 0.3334221545138889 0.051494634765625 0.3333137760416667 0.0562305390625 0.3364630824652778 0.05768362548828125 0.33534186631944446 0.0583813857421875 0.3269212734375 0.06116359521484375 0.3180538845486111 0.0599679443359375 0.30570118663194445 0.05567440185546875 0.3018786666666667
0 0.1114478291015625 0.2938568654513889 0.10525680078125 0.2975553090277778 0.10184390673828125 0.3038394331597222 0.101905548828125 0.3081063342013889 0.10525136669921875 0.3128260677083333 0.10891558349609375 0.3102476328125 0.114476607421875 0.30205707812500004 0.11327891845703125 0.29543091493055557 0.1114478291015625 0.2938568654513889
0 0.21395521435546874 0.12150232899305556 0.171882779296875 0.14301374218750001 0.170492693359375 0.1445841701388889 0.17118433984375 0.15334318055555554 0.16915881494140625 0.16569225607638888 0.17705629052734376 0.15885175086805556 0.184824369140625 0.16065704600694444 0.19078385888671875 0.15658409635416667 0.1939208916015625 0.15662501475694446 0.19991816455078126 0.16494085156250002 0.2055387919921875 0.16674373350694446 0.20964469189453125 0.16540092968749998 0.217479845703125 0.15620236805555557 0.22026137646484376 0.14924382378472223 0.2210234951171875 0.13745475260416665 0.220839248046875 0.12274520659722223 0.21995588232421875 0.12027394184027777 0.21395521435546874 0.12150232899305556
0 0.23118287548828126 0.1639654453125 0.228469779296875 0.15610244270833334 0.22398655615234375 0.15284113454861112 0.22089002294921875 0.1575536232638889 0.2194945029296875 0.17439480989583334 0.216964974609375 0.18315019791666665 0.2207504375 0.19483209809027777 0.23325781689453126 0.19024247743055556 0.23616806494140624 0.17654697569444444 0.233898009765625 0.1661019140625 0.23118287548828126 0.1639654453125
0 0.18756310986328126 0.27395572569444443 0.1794170283203125 0.26945516406250003 0.17651017626953125 0.2736064409722222 0.17600209716796875 0.2814658220486111 0.1732219248046875 0.2846066762152778 0.168733947265625 0.2947072829861111 0.16999599462890624 0.2979649678819445 0.17277480859375 0.29864180295138887 0.19140885693359375 0.2937222161458333 0.192294259765625 0.2904669461805556 0.19103357080078126 0.2833915711805555 0.18756310986328126 0.27395572569444443
0 0.31836043359375 0.2956615425347222 0.31349649072265623 0.2973403480902778 0.31223240576171873 0.29980919704861114 0.3120400078125 0.30800578906250003 0.31601651025390626 0.3153087873263889 0.3194903671875 0.31520040885416667 0.32309226220703124 0.3102639184027778 0.32113788916015623 0.3001560668402778 0.31836043359375 0.2956615425347222
0 0.3052724663085937 0.3343851614583333 0.3017335712890625 0.33977086284722224 0.299078720703125 0.345718984375 0.30033941015625 0.35279435850694446 0.30494863427734376 0.35695408854166666 0.3072864443359375 0.3544864470486111 0.3071001596679688 0.3455034348958333 0.31057605419921874 0.3396685217013889 0.309883048828125 0.3347272013888889 0.3052724663085937 0.3343851614583333
0 0.49925978125 0.27273425868055556 0.49035633544921875 0.2666608541666667 0.4855567514648437 0.2649711814236111 0.48151385302734373 0.2667631953125 0.47752987890625 0.28045748958333333 0.47234889599609375 0.2856167751736111 0.4657134682617188 0.2957149661458333 0.46406934228515623 0.30121508333333336 0.46078312890625 0.30648878472222224 0.4682958095703125 0.3160414609375 0.47170802392578126 0.31166618229166665 0.474995595703125 0.30257479079861116 0.48188166748046873 0.2980911328125 0.48592117041015626 0.30584334375 0.4912254375 0.309217859375 0.5031637744140625 0.30631187413194444 0.5044928974609375 0.29856570138888894 0.5015311948242187 0.2793616302083333 0.49925978125 0.27273425868055556
0 0.49043903271484374 0.21175356597222222 0.4861448110351563 0.209839890625 0.48140822802734373 0.20859942881944446 0.47761801025390627 0.21027944270833332 0.47710993115234374 0.21813882291666667 0.4824135185546875 0.2234221840277778 0.4838645678710938 0.22802750260416665 0.47659438037109375 0.24699549739583335 0.47905683349609374 0.2492439670138889 0.4923900102539063 0.231405640625 0.4934671318359375 0.22186262413194446 0.49277412646484375 0.2169213029513889 0.49043903271484374 0.21175356597222222
0 0.38934550634765624 0.3157281059027778 0.383407837890625 0.31740570399305557 0.380311984375 0.3202093480902778 0.3774024150390625 0.33199600520833333 0.37462156396484375 0.33704570399305556 0.37525088916015625 0.3434466588541667 0.3811248779296875 0.3432286944444444 0.38384001220703123 0.34536516319444444 0.3887703515625 0.33459134461805556 0.39464637744140624 0.32864684635416663 0.3950900971679687 0.3241559444444444 0.3938924091796875 0.31752978038194446 0.38934550634765624 0.3157281059027778
0 0.35952437255859376 0.3423061232638889 0.35466246728515627 0.33825839409722225 0.3494191630859375 0.3410596232638889 0.3499197709960937 0.35419753645833335 0.34922336962890627 0.3588004392361111 0.3461898369140625 0.3639621388888889 0.3468184833984375 0.37227193836805555 0.351176384765625 0.37272598003472224 0.3540825576171875 0.370483546875 0.36153970947265623 0.35858971875 0.36223746923828126 0.3501691267361111 0.36103910107421877 0.3454518072916667 0.35952437255859376 0.3423061232638889
0 0.542913341796875 0.24527351649305557 0.5314187250976562 0.24368859982638888 0.527943509765625 0.24761466753472222 0.5267403876953125 0.2562592621527778 0.5282544375 0.26131379166666663 0.5314749331054688 0.26322625868055555 0.5372236000976562 0.26020102777777776 0.54454999609375 0.26077069184027774 0.5485312529296875 0.2547117777777778 0.5476485668945312 0.25033166753472225 0.542913341796875 0.24527351649305557
0 0.405015814453125 0.29733098263888885 0.40154059912109374 0.30125705121527774 0.40052715771484376 0.30934043315972226 0.4019788857421875 0.31203690625 0.40665246875 0.31282815711805556 0.4160646728515625 0.30913333680555555 0.41808748046875 0.3044196397569444 0.4149306640625 0.3010475390625 0.405015814453125 0.29733098263888885
0 0.4477926357421875 0.42628230642361115 0.443623056640625 0.4290847439236111 0.44267397412109377 0.43379964843749996 0.446271115234375 0.44222507118055554 0.44835488623046876 0.4436871197916667 0.451577419921875 0.4398730520833334 0.45120145458984373 0.4314512517361111 0.4477926357421875 0.42628230642361115
0 0.445639751953125 0.4415506501736111 0.44323826171875 0.44547792621527776 0.4423521796875 0.45064204166666666 0.4438025498046875 0.45715620486111114 0.4481611298828125 0.45570140017361116 0.4498045766601563 0.4521101276041667 0.45062697900390625 0.4484056467013889 0.44879792724609374 0.44110506163194446 0.445639751953125 0.4415506501736111
0 0.5522698510742188 0.39810396961805555 0.5474668706054687 0.40595852083333334 0.5345171303710937 0.4112213550347222 0.5293977890625 0.4206475407986111 0.5285110278320313 0.4277205 0.52945603515625 0.4344586649305555 0.5302133999023437 0.4360315078125 0.5338769370117188 0.4353619166666667 0.5376027963867187 0.43705038281249997 0.5477107221679688 0.4306615026041667 0.5551069106445312 0.4125919296875 0.5563730336914062 0.40439654600694447 0.5556793486328125 0.40136407031250004 0.5522698510742188 0.39810396961805555
0 0.5667173403320312 0.4437079409722222 0.5619807563476562 0.4424674791666667 0.5581925766601562 0.43842095746527776 0.556362845703125 0.43302921875 0.550111533203125 0.42864307204861113 0.544173865234375 0.4303206701388889 0.5374767954101562 0.4361519609375 0.5379774028320312 0.4492898723958334 0.5402488168945313 0.45591724392361116 0.5516187905273437 0.4527860494791666 0.5592601884765624 0.4556017682291667 0.5708150888671875 0.4652712760416667 0.5736575825195313 0.46448847656250003 0.574416984375 0.46033478472222217 0.5726522915039063 0.44966572135416666 0.5667173403320312 0.4437079409722222
0 0.5619692099609375 0.47491784114583335 0.559190396484375 0.47424100520833334 0.554263453125 0.4754706006944444 0.5501561953125 0.4806310928819444 0.5493337924804688 0.4843355737847222 0.5498364379882813 0.4917469522569444 0.5518558500976563 0.4965774791666667 0.5524221752929688 0.5025292230902778 0.5510266557617187 0.5193704079861111 0.5534891088867188 0.5216188784722222 0.5563952817382812 0.5193764461805556 0.5590542075195313 0.5019752560763888 0.5648699497070313 0.4879461666666666 0.5683451650390625 0.4840200989583333 0.5680931630859375 0.48222325520833337 0.5619692099609375 0.47491784114583335
0 0.5830448217773437 0.3534491345486111 0.578496560546875 0.35546515017361113 0.5760950703125 0.3593924262152778 0.5795607763671875 0.38219018489583334 0.5829695952148437 0.3873591302083333 0.58732817578125 0.3859043263888889 0.5889086215820313 0.38186384288194447 0.5875835737304688 0.37815694618055556 0.58790129296875 0.37276762152777776 0.5928925952148437 0.3681695494791667 0.5944743999023437 0.36031137586805556 0.5963698481445312 0.3585169461805556 0.5912539033203125 0.3583989079861111 0.5880970869140625 0.3550268064236111 0.5830448217773437 0.3534491345486111
0 0.6174169331054687 0.3172197230902778 0.6096474965820312 0.3192321163194445 0.6040844350585938 0.3331492048611111 0.600355859375 0.33909611805555556 0.5965656420898438 0.3407761310763889 0.588418880859375 0.3381844131944444 0.5805857646484375 0.3416564409722222 0.5803303666992188 0.3494038211805555 0.5834228247070312 0.3561444001736111 0.5863906396484375 0.3581688689236111 0.5915689057617187 0.36064496267361107 0.599843025390625 0.3603174123263889 0.602809482421875 0.3661595703125 0.6048905366210937 0.3752569982638889 0.610384484375 0.3780703029513889 0.6173349145507813 0.3702181666666667 0.6218899682617187 0.34911370225694444 0.6225911240234375 0.33114888541666665 0.6199423862304687 0.3199174027777778 0.6174169331054687 0.3172197230902778
0 0.6400118623046875 0.36350656597222225 0.6354622421875 0.3693402717013889 0.6313529467773438 0.3802272986111111 0.6264273618164062 0.37763920399305556 0.6218161000976562 0.37920600868055554 0.6136659438476563 0.386158515625 0.6113274541015625 0.3905350017361111 0.611389775390625 0.3928930581597222 0.6215532309570313 0.40795068142361113 0.6334895297851563 0.4107712309027778 0.6357636606445313 0.4097632230902778 0.6351336557617188 0.4052711128472222 0.6374084658203125 0.40235425954861115 0.6384869448242187 0.38899355381944445 0.6448717294921875 0.3732808289930556 0.6433570009765625 0.3701351449652778 0.6400118623046875 0.36350656597222225
0 0.619831328125 0.27702439496527775 0.611619529296875 0.27971000173611116 0.6054908217773437 0.2857665017361111 0.6011274868164063 0.30058321875 0.603967263671875 0.30743579947916666 0.611359376953125 0.3008192951388889 0.6241783618164063 0.30801995312499997 0.6257594873046874 0.30207062500000004 0.623744150390625 0.28578702864583333 0.619831328125 0.27702439496527775
0 0.6400641606445312 0.21652551475694443 0.6348208564453125 0.21932674479166667 0.62332827734375 0.21201529340277778 0.6113262612304687 0.2163809123263889 0.611009900390625 0.217952546875 0.6166887744140624 0.2335665529513889 0.6227497270507812 0.24042275694444445 0.6267282666015624 0.24199922135416665 0.6312128481445313 0.24144283854166668 0.6344367407226562 0.2338110824652778 0.6452390307617187 0.22854583333333334 0.6460614331054687 0.22484135243055559 0.645369107421875 0.21799118663194444 0.6400641606445312 0.21652551475694443
0 0.8443468798828125 0.3316228342013889 0.8312101752929687 0.32981150086805555 0.8264105913085937 0.328121828125 0.8187725888671875 0.31576188454861115 0.8112571918945313 0.31384458680555555 0.8038664370117188 0.3166434019097222 0.7950835590820312 0.32673917795138885 0.7965969287109375 0.3337025520833333 0.8007651494140625 0.3347178055555556 0.8061303793945312 0.3442680659722222 0.8130760556640625 0.34977784375 0.8158535112304688 0.3542723689236111 0.8198964096679687 0.3524803541666667 0.8238139873046875 0.3478810737847222 0.8436464028320313 0.3476788064236111 0.8466142182617188 0.3497032743055556 0.8485391293945312 0.35385998524305556 0.8487582729492188 0.3592499140625 0.8495895048828125 0.3307304496527778 0.8487698188476562 0.32679955208333333 0.8443468798828125 0.3316228342013889
0 0.7957786020507812 0.32595396440972224 0.7801137270507813 0.32908032899305556 0.7696264389648437 0.3365916328125 0.7676666318359375 0.34175453993055555 0.7677912744140625 0.3464706527777778 0.7720184204101562 0.35938818489583335 0.7744801943359375 0.3635455 0.7818052314453126 0.36793285329861114 0.7860371318359375 0.36748847222222225 0.7876798994140625 0.3658060434027778 0.7885023012695312 0.36210156250000003 0.7926712016601563 0.3612079704861111 0.7932402436523438 0.3595243350694444 0.7967202133789062 0.34223635329861113 0.7991853828125 0.3368494444444445 0.7985560571289062 0.33044848958333334 0.7957786020507812 0.32595396440972224
0 0.7355761225585937 0.3559786519097222 0.7319119057617187 0.3585570868055556 0.7250881552734375 0.3653988003472222 0.7224333051757813 0.371346921875 0.7224935883789062 0.37943151215277776 0.7267200551757812 0.3942578888888889 0.7263372983398437 0.4049245373263889 0.7274713071289063 0.41301033506944446 0.7310102016601563 0.4076246328125 0.734301849609375 0.38708017361111113 0.7396135874023437 0.3694573967013889 0.7463750166015625 0.3602576276041667 0.74170143359375 0.3594663767361111 0.7377865732421875 0.3564302777777778 0.7355761225585937 0.3559786519097222
0 0.695145095703125 0.3796253263888889 0.6908495161132813 0.3815293411458333 0.6866148989257812 0.3896091024305555 0.6874975849609375 0.3939892109375 0.6901497182617188 0.39567646875 0.6937475390625 0.402193046875 0.6974747563476562 0.40006382291666664 0.6991812026367188 0.39692176128472223 0.6998166416015625 0.3861431119791667 0.697671228515625 0.38041416319444443 0.695145095703125 0.3796253263888889
0 0.7485856328125 0.1827374739583333 0.740564873046875 0.1810441796875 0.7313389541015625 0.19372201302083333 0.7324743208007812 0.1979901206597222 0.7316485224609375 0.21123882638888888 0.7327202099609375 0.21696656770833334 0.73581266796875 0.22370714756944446 0.7349841528320312 0.24459123263888888 0.7399104169921875 0.2452704826388889 0.7438903154296875 0.24302925781249998 0.744656509765625 0.2197871171875 0.7504729311523437 0.20384918315972222 0.7525621352539063 0.19004047395833334 0.751995130859375 0.18599757465277778 0.7485856328125 0.1827374739583333
0 0.728562177734375 0.18731864322916666 0.7202907744140625 0.1800108142361111 0.71833436328125 0.17562949739583333 0.7165642368164062 0.1802311935763889 0.7190856147460938 0.19438194270833334 0.7178201713867187 0.20066848177083335 0.7137115551757812 0.2096466640625 0.7146586000976562 0.21065829427083335 0.7150352446289062 0.21717124999999998 0.7185714223632812 0.2194209279513889 0.717875021484375 0.22402383072916665 0.7217248432617187 0.23233725347222223 0.7226698510742188 0.2390754175347222 0.7277214370117188 0.24256193489583333 0.7293025620117187 0.23661260590277777 0.72684486328125 0.2210022222222222 0.730068755859375 0.21337046527777778 0.7315882387695313 0.2031542361111111 0.7298242250976562 0.190576328125 0.728562177734375 0.18731864322916666
0 0.7097493159179687 0.16225792447916668 0.7066541411132813 0.16315272395833336 0.7046286166992187 0.17550180034722224 0.69730018359375 0.1806586701388889 0.6943296513671875 0.18626958072916666 0.6964764223632812 0.18818084114583333 0.7002029604492187 0.18796046180555556 0.7049375063476563 0.1949274574652778 0.7045567866210938 0.1998675720486111 0.701271251953125 0.20323242708333333 0.707330845703125 0.2139063203125 0.7141552749023438 0.20515576215277778 0.7163691225585938 0.19606316406250002 0.7164341606445312 0.19078584027777779 0.7195313725585938 0.1841645060763889 0.7185856860351563 0.17933518663194445 0.7129013779296876 0.17899193923611112 0.7124007705078125 0.16585402690972223 0.7097493159179687 0.16225792447916668
0 0.7032378510742188 0.1789810720486111 0.6982479077148438 0.17976145572916666 0.6900340708007813 0.18817359635416667 0.6858604169921875 0.20242910243055556 0.6847826162109375 0.21388096267361112 0.6885064379882813 0.22129596354166667 0.7028408305664062 0.2297334609375 0.710222755859375 0.2517496293402778 0.7119278442382813 0.25242525694444445 0.716224103515625 0.24861239670138888 0.7172991870117188 0.24479591493055552 0.7140190859375 0.23289001302083331 0.7088516875 0.19987240104166668 0.7032378510742188 0.1789810720486111
0 0.6787318525390625 0.17839208854166666 0.6719724609375 0.18186532291666666 0.6677385229492188 0.18803623784722223 0.6664737587890625 0.19241393229166667 0.666345041015625 0.19915088888888888 0.6690567788085937 0.21083158246527778 0.6684199819335938 0.22542792100694445 0.6696183500976562 0.23014523958333333 0.6735345688476563 0.22936364930555556 0.6762524194335937 0.2238647387152778 0.6769495 0.2173529904513889 0.6824522778320312 0.1953513125 0.680751943359375 0.18131376996527776 0.6787318525390625 0.17839208854166666
0 0.6874177700195313 0.26328934201388887 0.6821128237304688 0.26182367013888885 0.6770544458007812 0.2774256015625 0.6773674106445312 0.2853981909722222 0.6797038623046875 0.28674823958333334 0.685388849609375 0.28518264149305556 0.689496107421875 0.2800221493055555 0.6915825942382813 0.2738488185763889 0.6901322250976563 0.26733465538194445 0.6874177700195313 0.26328934201388887
0 0.646232775390625 0.27581895052083333 0.6398527451171875 0.27816976128472226 0.6329009565429687 0.28983958680555555 0.6332152797851562 0.2939944861111111 0.6406629223632813 0.30882448697916665 0.6448934643554688 0.3121977951388889 0.648620681640625 0.31006857031249996 0.6510248881835937 0.2985059157986111 0.6483158671875 0.27918984375 0.646232775390625 0.27581895052083333
0 0.6537828120117187 0.18038516145833333 0.6501199536132812 0.17914590711805556 0.6430435224609375 0.1860996215277778 0.6431674858398437 0.192724578125 0.6452498979492187 0.19800431597222223 0.6491654375 0.1991315703125 0.6530193349609374 0.19599192274305555 0.6562425483398437 0.1902690112847222 0.6573176318359375 0.18645252864583334 0.6567499482421875 0.18431847482638888 0.6537828120117187 0.18038516145833333
0 0.660051783203125 0.13514134288194446 0.655947921875 0.13075761111111112 0.6432535795898437 0.12827306510416667 0.6428071420898438 0.14039934722222222 0.6478594072265625 0.1419770190972222 0.6546147231445313 0.14995685243055557 0.6584672626953125 0.15063489583333334 0.6608680732421875 0.1486164644097222 0.6626381997070312 0.14401476909722222 0.661755513671875 0.13963465972222222 0.660051783203125 0.13514134288194446
0 0.73197387890625 0.0068804296875 0.7197815024414063 0.013716105902777779 0.717569013671875 0.01899101388888889 0.7170609345703125 0.026850395833333332 0.7183832661132813 0.03819267100694444 0.7217914057617187 0.0452704609375 0.7200172036132813 0.061325225694444443 0.7209601733398437 0.07378992534722223 0.7227275830078125 0.07682360763888889 0.7248750336914063 0.0768260234375 0.7270875224609376 0.07155111458333334 0.7318349731445313 0.04225005989583333 0.7382813994140625 0.030804235243055558 0.74049524609375 0.02171163715277778 0.7441608212890625 0.015315513020833334 0.7432781352539063 0.010935403645833335 0.73197387890625 0.0068804296875
0 0.643523919921875 0.07853109895833334 0.638854412109375 0.0662867795138889 0.6348115131835937 0.06807879340277778 0.6322183046875 0.07829381510416666 0.632401193359375 0.09682105121527779 0.637325419921875 0.1032268359375 0.6399145532226562 0.1044648828125 0.6439574521484375 0.1026728689236111 0.6471169858398438 0.09840959114583334 0.6488241118164062 0.09335868402777778 0.6498361948242187 0.0890929904513889 0.649143189453125 0.08415167013888888 0.643523919921875 0.07853109895833334
0 0.5714021215820313 0.0580141171875 0.5657821723632812 0.05430239149305556 0.5499296547851562 0.05226343402777778 0.539068439453125 0.045626402777777776 0.5378673549804688 0.04854446180555556 0.5379256005859375 0.06235558680555556 0.547966451171875 0.06697056510416667 0.5501762231445313 0.06933103645833333 0.5548464096679687 0.07966651041666667 0.5600239970703125 0.08405144965277778 0.569181482421875 0.08619516319444445 0.5758162314453125 0.07800581770833333 0.57859776171875 0.0710472734375 0.5782204379882813 0.06644316232638889 0.5714021215820313 0.0580141171875