0 0.27916666650390626 0.8134259262152779 0.2768229165039062 0.8143518515625 0.275 0.8111111111111111 0.27213541650390627 0.8106481484375 0.26640625 0.8263888888888888 0.26432291650390627 0.8287037039930555 0.26145833349609376 0.8263888888888888 0.26067708349609375 0.8277777777777778 0.26067708349609375 0.8351851848958334 0.25807291650390624 0.8439814817708333 0.2572916665039062 0.8513888888888889 0.26171875 0.8606481484375 0.2661458334960938 0.8634259262152777 0.2768229165039062 0.8615740737847222 0.2796875 0.8574074071180555 0.28125 0.8523148151041666 0.28125 0.8444444444444444 0.27942708349609374 0.8361111111111111 0.27864583349609373 0.8245370373263889 0.27994791650390627 0.8175925928819444 0.27916666650390626 0.8134259262152779
0 0.3276125668945313 1 0.33307291650390625 0.9759259262152779 0.33177083349609376 0.9717592595486111 0.32994791650390626 0.9717592595486111 0.3247395834960938 0.9768518515625 0.31171875 0.9768518515625 0.29947916650390627 0.9879629626736111 0.296875 0.9856481484374999 0.284375 0.9814814817708333 0.2768229165039062 0.9819444444444445 0.27473958349609373 0.9828703706597223 0.27369791650390624 0.9962962960069444 0.2746238427734375 1 0.27708333203125 1 0.2817708334960938 0.9990740737847221 0.28304398193359376 1 0.3276125668945313 1
0 0.31744791650390625 0.7990740737847222 0.31848958349609374 0.7958333333333333 0.3140625 0.7837962960069444 0.30651041650390626 0.7791666666666667 0.30104166650390624 0.7824074071180556 0.296875 0.7953703706597222 0.29713541650390624 0.8125 0.30052083349609376 0.8236111111111111 0.303125 0.8435185182291667 0.303125 0.8555555555555556 0.30104166650390624 0.8583333333333333 0.30677083349609374 0.8569444444444445 0.31354166650390625 0.8578703706597222 0.31145833349609375 0.8504629626736111 0.30885416650390624 0.8310185182291667 0.3091145834960938 0.8162037039930555 0.3125 0.8023148151041667 0.3140625 0.8 0.31744791650390625 0.7990740737847222
0 0.38489583349609374 0.8152777777777778 0.38020833349609373 0.7865740737847222 0.3765625 0.7731481484375 0.36484375 0.7620370373263889 0.3625 0.7657407404513888 0.36354166650390624 0.7763888888888889 0.35911458349609376 0.7902777777777777 0.3559895834960938 0.8087962960069445 0.35755208349609374 0.8152777777777778 0.35755208349609374 0.820524537326389 0.35052083349609375 0.8384259262152778 0.35026041650390627 0.8444444444444444 0.35807291650390627 0.8550925928819445 0.359375 0.8444444444444444 0.3666666665039062 0.8287037039930555 0.37916666650390624 0.8597222222222222 0.38255208349609376 0.8611111111111112 0.38463541650390626 0.8564814817708333 0.38515625 0.8513888888888889 0.38385416650390625 0.8305555555555555 0.38489583349609374 0.8152777777777778
0 0.3158854165039062 0.7129629626736111 0.31901041650390627 0.7226851848958333 0.3208333334960938 0.7250000000000001 0.325 0.7124999999999999 0.3286458334960938 0.7087962960069444 0.32942708349609373 0.7050925928819445 0.32786458349609376 0.7018518515625 0.3203125 0.7009259262152778 0.3158854165039062 0.7050925928819445 0.3158854165039062 0.7129629626736111
0 0.371875 0.9944444444444444 0.37317708349609374 0.9967592595486112 0.37682291650390626 0.9962962960069444 0.38125 0.9828703706597223 0.38046875 0.9782407404513889 0.37578125 0.9712962960069444 0.37317708349609374 0.9731481484375001 0.3703125 0.9800925928819445 0.371875 0.9944444444444444
0 0.40911458349609375 0.9884259262152777 0.41328125 0.9888888888888889 0.41432291650390624 0.9870370373263889 0.4140625 0.9722222222222222 0.41484375 0.9689814817708334 0.4106770834960938 0.9680555555555556 0.40703125 0.9712962960069444 0.4057291665039062 0.9828703706597223 0.40911458349609375 0.9884259262152777
0 0.41432291650390624 0.9569444444444445 0.41588541650390626 0.9597222222222221 0.41979166650390626 0.9597222222222221 0.425 0.9486111111111111 0.4252604165039062 0.9370370373263888 0.421875 0.9324074071180556 0.42083333349609375 0.9351851848958334 0.41536458349609373 0.9402777777777778 0.4135416665039062 0.9481481484375001 0.41432291650390624 0.9569444444444445
0 0.42057291650390627 0.7305555555555556 0.41692708349609375 0.7333333333333333 0.4145833334960938 0.7555555555555555 0.415625 0.7745370373263889 0.4174479165039062 0.7787037039930556 0.41953125 0.7796296293402778 0.421875 0.7800925928819444 0.4252604165039062 0.7777777777777778 0.43046875 0.7712962960069444 0.4328125 0.7611111111111111 0.43203125 0.7541666666666667 0.4252604165039062 0.7449074071180556 0.42395833349609374 0.7314814817708333 0.42057291650390627 0.7305555555555556
0 0.45703125 0.8171296293402778 0.4526041665039062 0.8162037039930555 0.44010416650390627 0.8310185182291667 0.43854166650390625 0.8439814817708333 0.43880208349609373 0.8509259262152777 0.44270833349609373 0.8550925928819445 0.44661458349609373 0.8550925928819445 0.45 0.8504629626736111 0.4575520834960938 0.8444444444444444 0.4682291665039062 0.8449074071180556 0.47265625 0.8370370373263889 0.46119791650390624 0.8254629626736111 0.4609375 0.8231481484375 0.45703125 0.8171296293402778
0 0.4692708334960938 0.8578703706597222 0.46953125 0.8652777777777777 0.4721354165039062 0.8717592595486111 0.47473958349609374 0.8740740737847221 0.48020833349609376 0.8851851848958333 0.48723958349609375 0.8888888888888888 0.49010416650390626 0.8893518515625001 0.49244791650390624 0.8856481484375 0.49322916650390625 0.8787037039930555 0.4916666665039062 0.8694444444444445 0.4799479165039062 0.8638888888888889 0.47682291650390624 0.8578703706597222 0.4703125 0.8527777777777777 0.4692708334960938 0.8578703706597222
0 0.49453125 0.8671296293402777 0.49583333349609376 0.8578703706597222 0.4927083334960938 0.8472222222222222 0.4927083334960938 0.8439814817708333 0.4875 0.8439814817708333 0.48723958349609375 0.8587962960069445 0.49140625 0.8689814817708333 0.49453125 0.8671296293402777
0 0.49375 0.9398148151041666 0.49114583349609375 0.9412037039930556 0.48645833349609374 0.9486111111111111 0.48229166650390626 0.9689814817708334 0.48645833349609374 0.9750000000000001 0.49010416650390626 0.9745370373263889 0.49192708349609376 0.9703703706597222 0.49895833349609375 0.9652777777777778 0.5010416665039062 0.9606481484375 0.50234375 0.9555555555555555 0.5020833334960938 0.9481481484375001 0.49895833349609375 0.9407407404513888 0.49375 0.9398148151041666
0 0.4966145834960938 0.9791666666666666 0.50546875 0.9916666666666667 0.5080729165039063 0.9925925928819443 0.51015625 0.9907407404513889 0.5122395834960938 0.9828703706597223 0.5109375 0.975462962673611 0.50546875 0.9685185182291666 0.49869791650390627 0.9689814817708334 0.49635416650390624 0.9731481484375001 0.4966145834960938 0.9791666666666666
0 0.5384375 1 0.53828125 0.9944444444444444 0.5341145834960938 0.9824074071180555 0.5296875 0.9828703706597223 0.5255208334960938 0.9865740737847223 0.5252604165039062 0.9976851848958334 0.5257161459960937 1 0.5384375 1
0 0.5270833334960937 0.9194444444444445 0.5322916665039062 0.9203703706597223 0.5377604165039063 0.9148148151041666 0.5385416665039062 0.9004629626736111 0.5276041665039063 0.8810185182291667 0.5205729165039062 0.8819444444444444 0.5190104165039062 0.8851851848958333 0.5197916665039063 0.9134259262152779 0.5270833334960937 0.9194444444444445
0 0.5143229165039063 0.8370370373263889 0.51953125 0.8435185182291667 0.52109375 0.8513888888888889 0.5205729165039062 0.8592592595486112 0.5216145834960938 0.8680555555555556 0.52578125 0.8791666666666667 0.5263020834960938 0.8837962960069444 0.5276041665039063 0.8851851848958333 0.5296875 0.8856481484375 0.5338541665039063 0.8726851848958334 0.5348958334960937 0.8592592595486112 0.5317708334960938 0.8509259262152777 0.5278645834960938 0.8458333333333333 0.5205729165039062 0.825 0.5158854165039063 0.8300925928819445 0.5143229165039063 0.8370370373263889
0 0.49895833349609375 0.7305555555555556 0.5 0.7259259262152777 0.49817708349609374 0.7217592595486111 0.49453125 0.7208333333333333 0.48645833349609374 0.7300925928819445 0.47682291650390624 0.7342592595486112 0.47473958349609374 0.7476851848958334 0.47760416650390625 0.7606481484375 0.48229166650390626 0.7671296293402778 0.4875 0.7708333333333334 0.49010416650390626 0.7712962960069444 0.49609375 0.7606481484375 0.49635416650390624 0.7537037039930555 0.49192708349609376 0.7481481484375 0.49192708349609376 0.7425925928819445 0.49322916650390625 0.7375 0.49609375 0.7356481484375 0.49895833349609375 0.7305555555555556
0 0.5075520834960937 0.7037037039930555 0.49635416650390624 0.6995370373263889 0.49192708349609376 0.6962962960069444 0.48958333349609373 0.6912037039930555 0.48411458349609376 0.6870370373263889 0.47760416650390625 0.6865740737847221 0.47109375 0.6902777777777778 0.4692708334960938 0.6944444444444444 0.46875 0.7037037039930555 0.47109375 0.7175925928819444 0.47369791650390625 0.7199074071180556 0.47682291650390624 0.7199074071180556 0.47916666650390627 0.7134259262152778 0.48463541650390624 0.7111111111111111 0.49010416650390626 0.7115740737847223 0.49635416650390624 0.7180555555555556 0.5057291665039062 0.7180555555555556 0.5075520834960937 0.7037037039930555
0 0.58671875 1 0.5921875 0.9921296293402777 0.5958333334960938 0.9898148151041668 0.5984375 0.9782407404513889 0.6010416665039062 0.9759259262152779 0.59765625 0.9689814817708334 0.5924479165039063 0.9699074071180556 0.5890625 0.9666666666666666 0.5825520834960938 0.9726851848958334 0.5802083334960938 0.9708333333333334 0.5776041665039062 0.9712962960069444 0.5703125 0.9629629626736111 0.5666666665039063 0.9624999999999999 0.5635416665039062 0.9657407404513889 0.56015625 0.9657407404513889 0.5546875 0.9787037039930555 0.5549479165039063 0.9930555555555556 0.55625 0.9995370373263888 0.5565104165039062 1 0.58671875 1
0 0.58203125 0.9518518515625001 0.5802083334960938 0.9476851848958332 0.5794270834960937 0.9412037039930556 0.5713541665039062 0.9259259262152777 0.5692708334960938 0.9291666666666667 0.56484375 0.9481481484375001 0.565625 0.9518518515625001 0.57109375 0.9652777777777778 0.5776041665039062 0.9708333333333334 0.5817708334960937 0.9699074071180556 0.5864583334960938 0.973611111111111 0.58828125 0.9722222222222222 0.5955729165039062 0.9731481484375001 0.59765625 0.9768518515625 0.5994791665039062 0.9759259262152779 0.5989583334960937 0.9689814817708334 0.5947916665039062 0.9662037039930556 0.5932291665039062 0.962037037326389 0.58203125 0.9518518515625001
0 0.6328125 0.8824074071180555 0.6317708334960938 0.8856481484375 0.63125 0.8972222222222221 0.6291666665039063 0.9064814817708334 0.62890625 0.9138888888888889 0.63046875 0.9263888888888889 0.64609375 0.9351851848958334 0.6494791665039062 0.9337962960069444 0.6606770834960938 0.9351851848958334 0.6651041665039062 0.9412037039930556 0.66640625 0.9412037039930556 0.6661458334960938 0.9282407404513889 0.6640625 0.9231481484374999 0.6348958334960938 0.8824074071180555 0.6328125 0.8824074071180555
0 0.66484375 0.7569444444444444 0.6591145834960938 0.7467592595486111 0.6549479165039063 0.7467592595486111 0.6541666665039062 0.7537037039930555 0.6614583334960937 0.8064814817708333 0.6609375 0.8092592595486111 0.665625 0.8467592595486111 0.6669270834960938 0.8537037039930556 0.6690104165039062 0.8560185182291666 0.675 0.8560185182291666 0.6770833334960937 0.8513888888888889 0.6765625 0.8180555555555555 0.6796875 0.7949074071180555 0.6752604165039062 0.7745370373263889 0.67109375 0.7675925928819445 0.66875 0.7606481484375 0.66484375 0.7569444444444444
0 0.60234375 0.7814814817708333 0.6041666665039063 0.7921296293402778 0.60625 0.7953703706597222 0.6091145834960937 0.7953703706597222 0.6111979165039062 0.7856481484375001 0.6192708334960938 0.7712962960069444 0.6203125 0.7685185182291667 0.6197916665039063 0.7662037039930555 0.61640625 0.7652777777777778 0.6059895834960938 0.7745370373263889 0.60234375 0.7814814817708333
0 0.5692708334960938 0.7379629626736111 0.5658854165039062 0.7296296293402778 0.5625 0.7273148151041666 0.5604166665039062 0.7226851848958333 0.5515625 0.7180555555555556 0.5481770834960937 0.7245370373263889 0.5463541665039062 0.7328703706597222 0.5481770834960937 0.7407407404513889 0.5510416665039063 0.7467592595486111 0.55078125 0.7537037039930555 0.5536458334960938 0.7555555555555555 0.5591145834960938 0.7675925928819445 0.5658854165039062 0.7736111111111111 0.5690104165039063 0.7759259262152778 0.5708333334960938 0.7717592595486111 0.5731770834960938 0.7703703706597222 0.5802083334960938 0.7694444444444444 0.5809895834960938 0.7675925928819445 0.57890625 0.7513888888888889 0.5763020834960938 0.7453703706597222 0.5692708334960938 0.7379629626736111
0 0.5606770834960938 0.6939814817708334 0.5544270834960937 0.6828703706597222 0.5533854165039063 0.6782407404513889 0.5489583334960938 0.6694444444444445 0.5479166665039062 0.6703703706597222 0.5486979165039062 0.6759259262152777 0.5481770834960937 0.6907407404513889 0.5440104165039062 0.7050925928819445 0.5463541665039062 0.7152777777777778 0.5471354165039063 0.7180555555555556 0.5520833334960937 0.7240740737847222 0.5552083334960938 0.7328703706597222 0.5596354165039062 0.7375 0.5630208334960938 0.7481481484375 0.5651041665039063 0.7486111111111111 0.5677083334960937 0.7458333333333333 0.57109375 0.7527777777777778 0.57421875 0.7504629626736111 0.57578125 0.7537037039930555 0.5755208334960937 0.7467592595486111 0.5734375 0.7435185182291666 0.5690104165039063 0.7416666666666667 0.5684895834960938 0.7259259262152777 0.5661458334960937 0.7087962960069444 0.5606770834960938 0.6939814817708334
0 0.5268229165039062 0.7124999999999999 0.5317708334960938 0.7129629626736111 0.53671875 0.7060185182291667 0.5299479165039063 0.6912037039930555 0.5283854165039062 0.6930555555555555 0.5252604165039062 0.6921296293402778 0.5247395834960937 0.6939814817708334 0.5244791665039062 0.7050925928819445 0.5268229165039062 0.7124999999999999
0 0.5380208334960938 0.7236111111111111 0.5427083334960937 0.7296296293402778 0.5453125 0.7273148151041666 0.5471354165039063 0.7189814817708333 0.5434895834960938 0.7060185182291667 0.5388020834960937 0.7060185182291667 0.5356770834960938 0.7092592595486111 0.53515625 0.7189814817708333 0.5380208334960938 0.7236111111111111
0 0.23307291650390624 0.2736111111111111 0.23098958349609375 0.2712962960069445 0.22760416650390625 0.2736111111111111 0.22604166650390625 0.2810185182291667 0.22734375 0.32012129600694444 0.22682291650390626 0.3745370373263889 0.22786458349609376 0.37870370399305553 0.22942708349609375 0.37777777777777777 0.23541666650390625 0.36250000000000004 0.24401041650390626 0.3523148151041667 0.24739583349609376 0.3300925928819444 0.24453125 0.31342592621527776 0.2390625 0.3032407404513889 0.2390625 0.28842592621527774 0.23307291650390624 0.2736111111111111
0 0.27473958349609373 0.44490740711805554 0.27708333349609376 0.4481481484375 0.28125 0.44907407378472225 0.2890625 0.4421296293402778 0.2921875 0.42731481510416663 0.28489583349609376 0.4129629626736111 0.27864583349609373 0.40694444444444444 0.27369791650390624 0.40509259288194444 0.26692708349609373 0.40694444444444444 0.26145833349609376 0.41342592621527774 0.25989583349609374 0.42083333333333334 0.25104166650390625 0.43379629600694447 0.246875 0.44259259288194447 0.2421875 0.44768518489583337 0.2390625 0.4481481484375 0.23932291650390625 0.45648148177083336 0.24166666650390625 0.4601851848958333 0.24427083349609374 0.4601851848958333 0.24661458349609375 0.46990740711805556 0.2484375 0.46990740711805556 0.24895833349609375 0.4620370373263889 0.25182291650390626 0.4574074071180555 0.2546875 0.4555555555555555 0.26354166650390626 0.4388888888888889 0.26588541650390624 0.4379629626736111 0.2690104165039062 0.44259259288194447 0.27473958349609373 0.44490740711805554
0 0.27942708349609374 0.4754629626736111 0.28385416650390627 0.47824074045138887 0.28541666650390624 0.4828703706597222 0.2875 0.4842592595486111 0.29036458349609373 0.4851851848958333 0.29322916650390624 0.4824074071180556 0.29401041650390625 0.4662037039930556 0.28645833349609373 0.4532407404513889 0.28125 0.4523148151041667 0.27942708349609374 0.4550925928819444 0.278125 0.46157407378472226 0.27942708349609374 0.4754629626736111
0 0.3091145834960938 0.5435185182291666 0.3119791665039062 0.5458333333333333 0.31510416650390627 0.5444444444444445 0.31744791650390625 0.5249999999999999 0.31666666650390624 0.5231481484375 0.31171875 0.5231481484375 0.30625 0.5287037039930556 0.30546875 0.5384259262152777 0.3091145834960938 0.5435185182291666
0 0.3171875 0.5249999999999999 0.315625 0.5291666666666667 0.31614583349609376 0.5337962960069444 0.3364583334960938 0.5490740737847222 0.340625 0.5495370373263889 0.34192708349609374 0.5416666666666666 0.34140625 0.5337962960069444 0.32994791650390626 0.5222222222222223 0.3286458334960938 0.5106481484375 0.32317708349609375 0.5087962960069444 0.31875 0.5106481484375 0.3171875 0.5249999999999999
0 0.31276041650390624 0.47592592621527774 0.31119791650390627 0.4828703706597222 0.3119791665039062 0.48888888888888893 0.315625 0.49537037065972217 0.31848958349609374 0.4972222222222222 0.3208333334960938 0.5013888888888889 0.3325520834960938 0.48981481510416663 0.33098958349609375 0.4819444444444445 0.32421875 0.4685185182291667 0.3208333334960938 0.4680555555555556 0.31458333349609374 0.47175925954861114 0.31276041650390624 0.47592592621527774
0 0.36927083349609374 0.5884259262152778 0.36328125 0.6018518515625 0.35911458349609376 0.6055555555555556 0.3549479165039062 0.6143518515625 0.35442708349609375 0.6226851848958334 0.35625 0.6287037039930555 0.3588541665039062 0.6319444444444444 0.36223958349609375 0.6328703706597223 0.36536458349609374 0.6305555555555555 0.3666666665039062 0.6152777777777777 0.3703125 0.6134259262152777 0.375 0.6078703706597222 0.37578125 0.6000000000000001 0.37421875 0.5944444444444444 0.36927083349609374 0.5884259262152778
0 0.37578125 0.5925925928819444 0.3783854165039062 0.5828703706597222 0.38411458349609373 0.5759259262152778 0.38958333349609375 0.5768518515625 0.39166666650390625 0.5736111111111111 0.38645833349609376 0.5583333333333333 0.384375 0.5574074071180556 0.3705729165039062 0.5717592595486111 0.365625 0.5740740737847223 0.35807291650390627 0.5731481484375 0.35026041650390627 0.5851851848958334 0.34791666650390624 0.5958333333333333 0.34270833349609375 0.5953703706597222 0.34166666650390626 0.5967592595486111 0.34088541650390625 0.6009259262152777 0.34192708349609374 0.6032407404513889 0.3471354165039062 0.6046296293402778 0.35052083349609375 0.6101851848958333 0.35416666650390627 0.6291666666666667 0.35729166650390626 0.6324074071180555 0.36848958349609373 0.6356481484375 0.36796875 0.6287037039930555 0.36614583349609375 0.6231481484375 0.36744791650390624 0.6157407404513889 0.37135416650390624 0.6129629626736111 0.37421875 0.6083333333333333 0.37578125 0.6018518515625 0.37578125 0.5925925928819444
0 0.29036458349609373 0.2018518515625 0.28098958349609376 0.20277777777777778 0.27890625 0.20509259288194445 0.27864583349609373 0.20740740711805555 0.27838541650390625 0.2120370373263889 0.2796875 0.21944444444444444 0.28802083349609375 0.2379629626736111 0.28802083349609375 0.2421296293402778 0.28671875 0.24305555555555555 0.28619791650390625 0.2467592595486111 0.2921875 0.2523148151041667 0.29505208349609374 0.26319444444444445 0.2953125 0.2745370373263889 0.29661458349609376 0.275 0.296875 0.2703703706597222 0.29869791650390626 0.2675925928819444 0.29921875 0.2592592595486111 0.29765625 0.24537037065972223 0.29921875 0.23981481510416666 0.29401041650390625 0.20601851822916667 0.29036458349609373 0.2018518515625
0 0.35442708349609375 0.23333333333333334 0.3403645834960938 0.19583333333333333 0.33411458349609374 0.1953703706597222 0.3247395834960938 0.19861111111111113 0.31822916650390626 0.19861111111111113 0.31380208349609373 0.20648148177083334 0.3091145834960938 0.2115740737847222 0.30572916650390625 0.2222222222222222 0.30104166650390624 0.22916666666666666 0.29817708349609373 0.24629629600694447 0.2973958334960938 0.2606481484375 0.2984375 0.26481481510416666 0.31015625 0.2574074071180556 0.31875 0.25787037065972224 0.32630208349609374 0.2518518515625 0.33411458349609374 0.24907407378472224 0.340625 0.24444444444444446 0.35390625 0.2435185182291667 0.3546875 0.24120370399305557 0.35442708349609375 0.23333333333333334
0 0.37109375 0.28842592621527774 0.3734375 0.2962962960069444 0.37578125 0.2986111111111111 0.38203125 0.2921296293402778 0.38359375 0.28842592621527774 0.38307291650390624 0.28055555555555556 0.37578125 0.275 0.37291666650390626 0.28055555555555556 0.37213541650390625 0.2870370373263889 0.37109375 0.28842592621527774
0 0.5002604165039063 0.5384259262152777 0.49869791650390627 0.5296296293402778 0.4875 0.5407407404513889 0.47734375 0.5425925928819445 0.46875 0.5523148151041667 0.46848958349609376 0.5592592595486111 0.47447916650390626 0.5745370373263889 0.47682291650390624 0.5773148151041667 0.47786458349609373 0.5731481484375 0.47734375 0.5685185182291667 0.47864583349609374 0.5625 0.48020833349609376 0.5601851848958334 0.49479166650390627 0.5486111111111112 0.4994791665039062 0.5421296293402778 0.5002604165039063 0.5384259262152777
0 0.47473958349609374 0.45370370399305554 0.465625 0.43472222222222223 0.45208333349609375 0.42500000000000004 0.45026041650390625 0.4268518515625 0.45078125 0.4370370373263889 0.44921875 0.44861111111111107 0.45 0.45787037065972225 0.45416666650390625 0.4680555555555556 0.45390625 0.4703703706597222 0.45104166650390626 0.47824074045138887 0.4458333334960938 0.4819444444444445 0.4419270834960938 0.48981481510416663 0.44609375 0.49537037065972217 0.45390625 0.4986111111111111 0.45703125 0.4990740737847222 0.45859375 0.4967592595486111 0.46380208349609375 0.47268518489583333 0.46875 0.4671296293402778 0.47239583349609376 0.46759259288194444 0.47473958349609374 0.4652777777777778 0.47552083349609375 0.46157407378472226 0.47473958349609374 0.45370370399305554
0 0.44010416650390627 0.32499999999999996 0.43541666650390626 0.3277777777777778 0.42890625 0.3282407404513889 0.42395833349609374 0.3259259262152778 0.41979166650390626 0.3337962960069445 0.41953125 0.3439814817708333 0.4223958334960938 0.3435185182291667 0.42838541650390627 0.3495370373263889 0.44244791650390625 0.3541666666666667 0.45338541650390624 0.3458333333333333 0.45729166650390624 0.3375 0.45859375 0.3300925928819444 0.45572916650390627 0.31805555555555554 0.45026041650390625 0.31527777777777777 0.4458333334960938 0.31759259288194447 0.44010416650390627 0.32499999999999996
0 0.44114583349609376 0.2814814817708333 0.43385416650390624 0.2814814817708333 0.4328125 0.2898148151041667 0.43723958349609376 0.30000000000000004 0.4419270834960938 0.30416666666666664 0.44817708349609375 0.31759259288194447 0.453125 0.3189814817708333 0.45520833349609374 0.3171296293402778 0.45546875 0.3125 0.45520833349609374 0.3092592595486111 0.45026041650390625 0.2986111111111111 0.44791666650390627 0.2888888888888889 0.4458333334960938 0.28518518489583333 0.44114583349609376 0.2814814817708333
0 0.46770833349609375 0.3717592595486111 0.4703125 0.3763888888888889 0.47239583349609376 0.3763888888888889 0.475 0.3717592595486111 0.47630208349609376 0.3578703706597222 0.47473958349609374 0.3541666666666667 0.46901041650390624 0.3578703706597222 0.4692708334960938 0.3657407404513889 0.46770833349609375 0.3717592595486111
0 0.4848958334960938 0.3421296293402778 0.48828125 0.3402777777777778 0.49036458349609374 0.3351851848958333 0.49088541650390627 0.32916666666666666 0.49010416650390626 0.32546296267361113 0.48802083349609376 0.32268518489583337 0.48411458349609376 0.3240740737847222 0.48307291650390627 0.3379629626736111 0.4848958334960938 0.3421296293402778
0 0.4809895834960938 0.2736111111111111 0.48515625 0.2731481484375 0.49010416650390626 0.26851851822916667 0.49036458349609374 0.26018518489583337 0.4888020834960938 0.25601851822916666 0.48359375 0.2518518515625 0.4828125 0.25277777777777777 0.47942708349609375 0.2671296293402778 0.4809895834960938 0.2736111111111111
0 0.5263020834960938 0.23287037065972221 0.5169270834960937 0.2523148151041667 0.5106770834960938 0.26018518489583337 0.5080729165039063 0.2675925928819444 0.5072916665039062 0.27731481510416667 0.5046875 0.2828703706597222 0.5072916665039062 0.2898148151041667 0.51015625 0.29305555555555557 0.5263020834960938 0.29259259288194445 0.54375 0.2814814817708333 0.5450520834960938 0.275 0.5440104165039062 0.2546296293402778 0.5408854165039062 0.24305555555555555 0.5359375 0.23518518489583334 0.5299479165039063 0.23194444444444443 0.5263020834960938 0.23287037065972221
0 0.5200520834960938 0.3865740737847222 0.5234375 0.3912037039930556 0.5403645834960937 0.3912037039930556 0.5453125 0.38796296267361113 0.5486979165039062 0.37870370399305553 0.5471354165039063 0.36944444444444446 0.5411458334960938 0.3652777777777778 0.5315104165039063 0.3754629626736111 0.5205729165039062 0.37870370399305553 0.5200520834960938 0.3865740737847222
0 0.5731770834960938 0.3652777777777778 0.5690104165039063 0.3824074071180556 0.5669270834960938 0.3856481484375 0.5661458334960937 0.3925925928819444 0.5682291665039062 0.3958333333333333 0.5734375 0.4009259262152778 0.57421875 0.3995370373263889 0.5786458334960938 0.3837962960069444 0.584375 0.37592592621527776 0.5893229165039062 0.36481481510416663 0.5869791665039062 0.3578703706597222 0.5802083334960938 0.3574074071180556 0.5731770834960938 0.3652777777777778
0 0.5653645834960938 0.5550925928819445 0.5614583334960938 0.5592592595486111 0.553125 0.5569444444444445 0.5401041665039062 0.5652777777777778 0.5255208334960938 0.5578703706597222 0.5200520834960938 0.5592592595486111 0.51875 0.5736111111111111 0.5208333334960937 0.5759259262152778 0.53203125 0.5773148151041667 0.5403645834960937 0.5856481484375 0.5453125 0.5976851848958333 0.55 0.5981481484375001 0.5559895834960937 0.5939814817708333 0.56328125 0.5814814817708334 0.5697916665039062 0.5592592595486111 0.5700520834960937 0.5523148151041667 0.5690104165039063 0.5504629626736111 0.5669270834960938 0.55 0.5653645834960938 0.5550925928819445
0 0.5424479165039062 0.4685185182291667 0.5427083334960937 0.47361111111111115 0.54375 0.47500000000000003 0.5604166665039062 0.47361111111111115 0.5622395834960937 0.4643518515625 0.5611979165039063 0.4550925928819444 0.5578125 0.4504629626736111 0.5541666665039062 0.45092592621527783 0.5494791665039063 0.4550925928819444 0.5450520834960938 0.46157407378472226 0.5424479165039062 0.4685185182291667
0 0.5557291665039062 0.49629629600694447 0.55859375 0.4990740737847222 0.5625 0.5004629626736111 0.5703125 0.49537037065972217 0.5723958334960938 0.4842592595486111 0.5716145834960937 0.4800925928819445 0.5690104165039063 0.47824074045138887 0.559375 0.4851851848958333 0.5572916665039063 0.48842592621527775 0.5557291665039062 0.49629629600694447
0 0.584375 0.49768518489583335 0.5796875 0.5037037039930555 0.578125 0.5097222222222223 0.5791666665039062 0.5324074071180556 0.58046875 0.5351851848958333 0.5880208334960938 0.5412037039930556 0.5932291665039062 0.5412037039930556 0.5973958334960937 0.5347222222222222 0.6020833334960938 0.5314814817708333 0.6018229165039063 0.5245370373263889 0.5981770834960938 0.5157407404513888 0.5924479165039063 0.5083333333333333 0.5888020834960938 0.5 0.584375 0.49768518489583335
0 0.70234375 0.5523148151041667 0.6986979165039062 0.5467592595486112 0.6940104165039063 0.5453703706597222 0.6927083334960937 0.5490740737847222 0.68671875 0.5523148151041667 0.6861979165039063 0.5685185182291667 0.684375 0.5717592595486111 0.68125 0.5731481484375 0.67890625 0.5791666666666667 0.6794270834960937 0.5847222222222223 0.6744791665039063 0.5967592595486111 0.6739583334960938 0.6032407404513889 0.6747395834960938 0.6087962960069445 0.6822916665039063 0.6175925928819445 0.6848958334960937 0.6189814817708333 0.6903645834960938 0.6175925928819445 0.69453125 0.6134259262152777 0.6963541665039062 0.6092592595486112 0.6908854165039062 0.5865740737847223 0.6958333334960938 0.5712962960069444 0.7020833334960938 0.5662037039930555 0.70234375 0.5523148151041667
0 0.6872395834960937 0.5388888888888889 0.6921875 0.5384259262152777 0.69453125 0.5319444444444444 0.69375 0.5245370373263889 0.6885416665039062 0.5189814817708334 0.6869791665039062 0.5194444444444444 0.68515625 0.5249999999999999 0.68515625 0.5328703706597222 0.6872395834960937 0.5388888888888889
0 0.71875 0.3407407404513889 0.7216145834960938 0.3370370373263889 0.7138020834960938 0.33425925954861113 0.71015625 0.3287037039930556 0.7013020834960938 0.3300925928819444 0.6895833334960938 0.3439814817708333 0.69140625 0.35092592621527774 0.69453125 0.3541666666666667 0.7010416665039062 0.3675925928819444 0.703125 0.3782407404513889 0.70703125 0.3768518515625 0.7111979165039063 0.38287037065972224 0.715625 0.4027777777777778 0.7166666665039062 0.40370370399305555 0.7208333334960938 0.4009259262152778 0.7296875 0.4027777777777778 0.7315104165039062 0.3995370373263889 0.72421875 0.39490740711805555 0.7231770834960938 0.38981481510416666 0.71796875 0.3513888888888889 0.71875 0.3407407404513889
0 0.6635416665039062 0.3101851848958333 0.6552083334960938 0.3236111111111111 0.6388020834960938 0.33935185156250003 0.6307291665039062 0.3439814817708333 0.63203125 0.35 0.6359375 0.35324074045138887 0.6416666665039062 0.3541666666666667 0.6489583334960938 0.3495370373263889 0.6588541665039063 0.33194444444444443 0.6677083334960937 0.32268518489583337 0.66796875 0.3157407404513889 0.6669270834960938 0.3120370373263889 0.6658854165039062 0.3101851848958333 0.6635416665039062 0.3101851848958333
0 0.6119791665039063 0.3032407404513889 0.6044270834960938 0.30740740711805553 0.6010416665039062 0.31620370399305553 0.6026041665039062 0.3231481484375 0.6083333334960938 0.33425925954861113 0.6109375 0.33472222222222225 0.6166666665039062 0.33148148177083336 0.6234375 0.32546296267361113 0.6265625 0.31666666666666665 0.6263020834960937 0.30972222222222223 0.621875 0.30416666666666664 0.6184895834960937 0.3032407404513889 0.6119791665039063 0.3032407404513889
0 0.6169270834960937 0.2675925928819444 0.6161458334960938 0.2745370373263889 0.61953125 0.2796296293402778 0.62421875 0.28055555555555556 0.62890625 0.275 0.6309895834960938 0.2675925928819444 0.63046875 0.2606481484375 0.6283854165039062 0.2597222222222222 0.6247395834960937 0.2634259262152778 0.621875 0.26249999999999996 0.6169270834960937 0.2675925928819444
0 0.64375 0.2564814817708333 0.6372395834960938 0.2606481484375 0.6346354165039062 0.2675925928819444 0.6401041665039062 0.2879629626736111 0.6403645834960937 0.29583333333333334 0.6372395834960938 0.30879629600694447 0.6375 0.31527777777777777 0.6390625 0.3189814817708333 0.6427083334960938 0.32083333333333336 0.6481770834960937 0.3194444444444444 0.6494791665039062 0.31759259288194447 0.6536458334960937 0.2814814817708333 0.6536458334960937 0.2745370373263889 0.65078125 0.2652777777777778 0.6481770834960937 0.26018518489583337 0.64375 0.2564814817708333
0 0.7265625 0.2231481484375 0.7234375 0.22592592621527777 0.7200520834960937 0.23333333333333334 0.7182291665039062 0.2467592595486111 0.7190104165039063 0.2569444444444444 0.72734375 0.2870370373263889 0.7296875 0.2875 0.73125 0.28564814843749997 0.7346354165039063 0.28055555555555556 0.7361979165039062 0.275 0.73671875 0.2370370373263889 0.7359375 0.23055555555555557 0.7330729165039063 0.22361111111111112 0.7265625 0.2231481484375
0 0.2765625 0.08148148177083334 0.27552083349609374 0.09398148177083333 0.27760416650390624 0.09722222222222222 0.27942708349609374 0.0981481484375 0.28333333349609374 0.09398148177083333 0.2895833334960938 0.08240740711805555 0.28880208349609376 0.07407407378472222 0.28515625 0.06620370399305556 0.27890625 0.06620370399305556 0.27578125 0.0731481484375 0.2765625 0.08148148177083334
0 0.3612345380859375 0 0.36145833349609374 0.0050925928819444445 0.36302083349609376 0.012037037326388889 0.36354166650390624 0.02361111111111111 0.36119791650390626 0.030555555555555558 0.35546875 0.038425926215277774 0.35390625 0.044444444444444446 0.3546875 0.05231481510416666 0.3559895834960938 0.05601851822916667 0.36692708349609376 0.06666666666666667 0.371875 0.07592592621527777 0.37734375 0.08009259288194444 0.38515625 0.07824074045138889 0.39244791650390626 0.08055555555555555 0.39479166650390624 0.07777777777777778 0.39583333349609373 0.0731481484375 0.39192708349609373 0.06944444444444445 0.37291666650390626 0.0118518515625 0.37311507958984375 0 0.3612345380859375 0
0 0.35833333349609375 0.1356481484375 0.36067708349609373 0.13657407378472222 0.36302083349609376 0.13379629600694443 0.36901041650390626 0.13194444444444445 0.3703125 0.12962962934027777 0.36901041650390626 0.10787037065972221 0.36302083349609376 0.1111111111111111 0.35859375 0.1282407404513889 0.35833333349609375 0.1356481484375
0 0.44427083349609375 0.16527777777777777 0.43958333349609374 0.16157407378472222 0.43671875 0.1773148151041667 0.43958333349609374 0.19212962934027777 0.44166666650390624 0.1967592595486111 0.44609375 0.1976851848958333 0.4515625 0.1953703706597222 0.4546875 0.19120370399305556 0.45494791650390626 0.1842592595486111 0.45052083349609373 0.17916666666666667 0.44661458349609373 0.17777777777777778 0.4447916665039062 0.17222222222222222 0.44427083349609375 0.16527777777777777
0 0.43822642529296874 0 0.4369791665039062 0.006018518229166667 0.43723958349609376 0.0106481484375 0.43958333349609374 0.014814815104166665 0.4453125 0.014814815104166665 0.46119791650390624 0.007870370659722223 0.46488715283203125 0 0.43822642529296874 0
0 0.5256127456054688 0 0.5208333334960937 0.006018518229166667 0.5184895834960938 0.004629629340277778 0.5166666665039062 0.009722222222222222 0.5174479165039062 0.017592592881944445 0.52265625 0.02361111111111111 0.52890625 0.025925926215277777 0.5341145834960938 0.022685184895833335 0.53828125 0.015277777777777779 0.540625 0.006944444444444444 0.540625 0.0009259262152777778 0.540296052734375 0 0.5256127456054688 0
0 0.56171875 0.16990740711805555 0.56171875 0.1842592595486111 0.5645833334960938 0.19120370399305556 0.5713541665039062 0.18842592621527776 0.5729166665039063 0.18611111111111112 0.5760416665039062 0.1773148151041667 0.5768229165039063 0.17037037065972224 0.5708333334960938 0.16157407378472222 0.5651041665039063 0.1490740737847222 0.55859375 0.15648148177083335 0.56171875 0.16990740711805555
0 0.5916666665039062 0.0875 0.5885416665039063 0.09583333333333334 0.5875 0.11481481510416668 0.5885416665039063 0.11666666666666667 0.5947916665039062 0.1157407404513889 0.6044270834960938 0.10740740711805556 0.6065104165039062 0.09490740711805555 0.6059895834960938 0.08518518489583332 0.6044270834960938 0.08148148177083334 0.59765625 0.07870370399305555 0.5916666665039062 0.0875
0 0.6979166665039063 0.04537037065972222 0.6875 0.04722222222222222 0.6848958334960937 0.0518518515625 0.6833333334960937 0.05879629600694444 0.6861979165039063 0.0625 0.6869791665039062 0.06574074045138889 0.6869791665039062 0.09444444444444444 0.684375 0.10740740711805556 0.6848958334960937 0.10879629600694445 0.6877604165039063 0.10833333333333334 0.6950520834960937 0.10138888888888889 0.6989583334960937 0.09398148177083333 0.7010416665039062 0.08703703732638889 0.7005208334960937 0.07453703732638889 0.69765625 0.06620370399305556 0.6971354165039062 0.061111111111111116 0.6979166665039063 0.04537037065972222
0 0.7333333334960938 0.030092592881944442 0.7252604165039063 0.03333333333333333 0.7184895834960937 0.03888888888888889 0.7145833334960937 0.04583333333333333 0.7096354165039063 0.061574073784722225 0.71015625 0.07222222222222223 0.71328125 0.08055555555555555 0.7151041665039063 0.08009259288194444 0.7401041665039062 0.04074074045138889 0.7473958334960937 0.034722222222222224 0.75625 0.03148148177083333 0.75234375 0.009722222222222222 0.7515625 0.008796296006944445 0.75 0.013888888888888888 0.7333333334960938 0.030092592881944442